1,3228,1617.00,553.00,39.00,119.00,1,-1,-1,-1
1,3229,264.90,581.58,51.78,157.34,1,-1,-1,-1
1,3230,502.44,544.22,33.82,103.47,1,-1,-1,-1
1,3231,191.01,571.03,51.78,157.34,1,-1,-1,-1
1,3232,121.04,695.51,41.87,127.61,1,-1,-1,-1
2,3228,1620.93,550.18,41.45,126.47,1,-1,-1,-1
2,3229,267.12,580.16,45.92,139.55,1,-1,-1,-1
2,3230,501.48,535.21,31.84,97.40,1,-1,-1,-1
2,3231,181.85,561.87,51.78,157.34,1,-1,-1,-1
2,3232,114.04,689.86,39.42,120.14,1,-1,-1,-1
3,3228,1630.32,552.16,39.73,121.23,1,-1,-1,-1
3,3230,503.59,548.77,29.79,91.15,1,-1,-1,-1
3,3231,172.70,573.96,54.70,166.20,1,-1,-1,-1
4,3228,1637.79,550.39,41.27,125.92,1,-1,-1,-1
4,3230,501.95,548.15,30.94,94.68,1,-1,-1,-1
4,3231,161.54,577.92,55.62,169.01,1,-1,-1,-1
5,3228,1647.39,563.77,39.71,121.17,1,-1,-1,-1
5,3230,496.67,543.08,31.30,95.78,1,-1,-1,-1
5,3231,149.85,570.85,55.86,169.73,1,-1,-1,-1
6,3228,1656.15,574.28,39.14,119.43,1,-1,-1,-1
6,3230,495.34,548.99,33.08,101.21,1,-1,-1,-1
6,3231,146.65,578.70,53.24,161.76,1,-1,-1,-1
7,3228,1657.94,560.37,45.40,138.50,1,-1,-1,-1
7,3230,494.93,546.25,33.69,103.09,1,-1,-1,-1
7,3231,137.55,578.91,54.90,166.80,1,-1,-1,-1
8,3228,1664.99,568.48,47.52,144.93,1,-1,-1,-1
8,3230,494.86,549.86,33.91,103.74,1,-1,-1,-1
8,3231,126.91,586.63,55.46,168.51,1,-1,-1,-1
9,3228,1672.70,576.74,46.21,140.92,1,-1,-1,-1
9,3230,492.60,552.20,30.99,94.83,1,-1,-1,-1
9,3231,115.67,581.77,55.66,169.08,1,-1,-1,-1
10,3228,1680.69,594.06,43.59,132.92,1,-1,-1,-1
10,3230,489.23,548.89,31.32,95.87,1,-1,-1,-1
10,3231,104.23,572.22,55.71,169.24,1,-1,-1,-1
10,3238,4.22,724.38,41.26,125.89,1,-1,-1,-1
11,3228,1690.43,586.04,44.60,136.00,1,-1,-1,-1
11,3230,488.10,552.13,31.44,96.23,1,-1,-1,-1
11,3231,92.76,583.72,55.71,169.24,1,-1,-1,-1
12,3228,1698.26,591.47,42.96,130.98,1,-1,-1,-1
12,3230,482.86,547.70,36.43,111.49,1,-1,-1,-1
12,3241,185.31,583.04,59.63,180.89,1,-1,-1,-1
13,3228,1702.51,591.03,44.34,135.16,1,-1,-1,-1
13,3230,481.28,541.26,35.03,107.18,1,-1,-1,-1
13,3241,174.10,573.69,59.63,180.89,1,-1,-1,-1
14,3228,1709.95,584.76,44.83,136.66,1,-1,-1,-1
14,3230,480.78,543.08,34.37,105.17,1,-1,-1,-1
14,3241,168.35,571.47,66.57,201.93,1,-1,-1,-1
15,3228,1718.58,588.27,45.01,137.19,1,-1,-1,-1
15,3230,480.67,543.78,34.11,104.36,1,-1,-1,-1
15,3241,159.89,578.61,62.47,189.49,1,-1,-1,-1
15,3242,1619.78,592.62,41.87,127.61,1,-1,-1,-1
16,3228,1724.97,584.91,47.21,143.86,1,-1,-1,-1
16,3230,479.63,545.66,31.06,95.08,1,-1,-1,-1
16,3242,1627.73,599.23,41.87,127.61,1,-1,-1,-1
17,3228,1733.61,583.60,48.03,146.34,1,-1,-1,-1
17,3230,475.68,544.72,32.91,100.72,1,-1,-1,-1
17,3242,1632.63,601.29,39.67,120.91,1,-1,-1,-1
17,3241,122.63,584.73,63.83,193.62,1,-1,-1,-1
18,3228,1743.08,589.43,48.33,147.24,1,-1,-1,-1
18,3230,473.31,539.68,36.87,112.80,1,-1,-1,-1
18,3243,516.28,544.55,34.36,104.97,1,-1,-1,-1
19,3228,1754.21,595.80,46.31,141.05,1,-1,-1,-1
19,3230,472.44,537.77,38.37,117.36,1,-1,-1,-1
20,3228,1764.26,598.19,45.49,138.55,1,-1,-1,-1
21,3228,1773.31,601.31,47.34,144.18,1,-1,-1,-1
21,3230,467.98,542.60,35.05,107.23,1,-1,-1,-1
22,3228,1782.92,596.01,48.02,146.24,1,-1,-1,-1
22,3244,1431.40,529.00,39.00,119.00,1,-1,-1,-1
22,3230,464.77,535.85,39.61,121.13,1,-1,-1,-1
23,3228,1787.18,593.98,50.55,153.91,1,-1,-1,-1
23,3244,1432.63,529.00,39.00,119.00,1,-1,-1,-1
23,3230,464.30,536.58,39.23,119.94,1,-1,-1,-1
24,3228,1795.36,593.18,51.51,156.80,1,-1,-1,-1
24,3244,1433.05,529.00,39.00,119.00,1,-1,-1,-1
24,3230,463.58,539.61,40.92,125.06,1,-1,-1,-1
25,3228,1809.70,599.07,49.61,150.99,1,-1,-1,-1
25,3244,1439.14,535.00,39.00,119.00,1,-1,-1,-1
25,3230,458.81,548.37,39.74,121.42,1,-1,-1,-1
26,3228,1817.17,601.94,51.13,155.61,1,-1,-1,-1
26,3244,1441.48,533.77,41.05,125.24,1,-1,-1,-1
26,3230,455.98,549.68,41.12,125.62,1,-1,-1,-1
27,3228,1823.62,601.62,54.12,164.68,1,-1,-1,-1
27,3244,1447.36,541.84,39.80,121.42,1,-1,-1,-1
27,3230,454.97,550.14,41.64,127.17,1,-1,-1,-1
28,3228,1833.12,601.47,55.26,168.10,1,-1,-1,-1
28,3244,1449.40,539.22,39.29,119.88,1,-1,-1,-1
28,3230,454.65,550.27,41.83,127.74,1,-1,-1,-1
29,3228,1843.84,608.65,55.69,169.37,1,-1,-1,-1
29,3244,1455.50,543.68,39.10,119.31,1,-1,-1,-1
29,3230,450.38,552.40,40.05,122.30,1,-1,-1,-1
30,3228,1856.63,619.10,53.40,162.39,1,-1,-1,-1
30,3244,1457.59,545.23,39.04,119.10,1,-1,-1,-1
31,3244,1458.21,551.11,39.01,119.03,1,-1,-1,-1
31,3230,440.10,570.94,41.43,126.49,1,-1,-1,-1
32,3244,1463.69,558.58,39.00,119.00,1,-1,-1,-1
32,3230,439.84,570.60,39.84,121.63,1,-1,-1,-1
33,3244,1465.61,550.55,39.00,118.99,1,-1,-1,-1
33,3230,439.85,565.01,39.25,119.83,1,-1,-1,-1
34,3244,1471.54,547.42,39.00,118.99,1,-1,-1,-1
34,3230,438.12,561.10,40.93,124.91,1,-1,-1,-1
35,3244,1473.63,546.19,39.00,118.99,1,-1,-1,-1
35,3230,434.07,556.17,39.70,121.16,1,-1,-1,-1
36,3244,1479.60,545.68,39.00,118.99,1,-1,-1,-1
36,3230,432.60,554.18,39.21,119.67,1,-1,-1,-1
36,3246,1572.68,524.24,25.80,79.31,1,-1,-1,-1
37,3244,1481.72,545.46,39.00,118.99,1,-1,-1,-1
37,3230,429.97,545.56,40.92,124.86,1,-1,-1,-1
37,3246,1573.40,522.04,26.96,82.87,1,-1,-1,-1
38,3244,1484.58,537.13,40.87,124.70,1,-1,-1,-1
38,3230,425.95,550.10,39.70,121.15,1,-1,-1,-1
38,3246,1571.08,490.45,38.26,117.56,1,-1,-1,-1
38,3247,1819.52,622.48,56.42,171.15,1,-1,-1,-1
39,3244,1488.61,542.09,39.73,121.22,1,-1,-1,-1
39,3230,424.51,546.61,39.22,119.68,1,-1,-1,-1
39,3246,1574.52,484.48,40.42,124.15,1,-1,-1,-1
39,3247,1830.71,631.96,55.79,169.24,1,-1,-1,-1
40,3244,1495.32,538.75,39.27,119.81,1,-1,-1,-1
40,3230,424.06,545.32,39.04,119.14,1,-1,-1,-1
40,3246,1581.48,483.36,40.82,125.35,1,-1,-1,-1
40,3247,1842.41,632.59,58.75,178.24,1,-1,-1,-1
41,3244,1503.01,542.82,39.09,119.28,1,-1,-1,-1
41,3230,423.98,544.87,38.98,118.95,1,-1,-1,-1
41,3246,1589.53,496.05,35.89,110.19,1,-1,-1,-1
41,3247,1847.47,627.65,62.83,190.61,1,-1,-1,-1
42,3244,1505.74,544.35,39.03,119.08,1,-1,-1,-1
42,3230,421.48,547.88,40.84,124.60,1,-1,-1,-1
43,3244,1510.00,542.37,40.88,124.71,1,-1,-1,-1
43,3230,417.89,551.11,39.69,121.09,1,-1,-1,-1
43,3246,1593.57,501.45,38.66,118.65,1,-1,-1,-1
44,3244,1513.37,549.32,39.73,121.20,1,-1,-1,-1
44,3230,413.65,550.24,41.11,125.42,1,-1,-1,-1
44,3246,1596.22,493.15,40.70,124.84,1,-1,-1,-1
45,3244,1518.19,549.89,41.14,125.51,1,-1,-1,-1
45,3230,415.01,552.04,39.79,121.39,1,-1,-1,-1
45,3246,1599.90,489.17,43.39,133.03,1,-1,-1,-1
46,3244,1519.89,550.09,41.66,127.09,1,-1,-1,-1
46,3230,410.35,552.75,39.26,119.79,1,-1,-1,-1
46,3246,1601.82,503.75,40.67,124.65,1,-1,-1,-1
47,3244,1527.16,557.48,40.01,122.04,1,-1,-1,-1
47,3230,408.70,553.00,39.07,119.20,1,-1,-1,-1
47,3246,1613.08,504.48,39.53,121.10,1,-1,-1,-1
48,3244,1535.12,560.31,39.35,120.05,1,-1,-1,-1
48,3230,405.76,552.67,42.89,130.83,1,-1,-1,-1
48,3246,1622.03,523.33,31.41,96.25,1,-1,-1,-1
49,3244,1537.12,559.52,41.00,125.04,1,-1,-1,-1
49,3230,407.00,558.05,40.54,123.68,1,-1,-1,-1
49,3246,1625.81,531.54,31.23,95.69,1,-1,-1,-1
50,3244,1537.76,559.20,41.60,126.87,1,-1,-1,-1
50,3230,402.36,554.92,39.55,120.64,1,-1,-1,-1
50,3246,1631.47,529.53,31.17,95.50,1,-1,-1,-1
51,3244,1543.84,566.01,39.98,121.93,1,-1,-1,-1
51,3230,400.72,559.08,39.18,119.51,1,-1,-1,-1
51,3246,1634.04,513.46,36.21,110.91,1,-1,-1,-1
52,3244,1551.33,568.59,39.33,119.98,1,-1,-1,-1
52,3230,396.48,558.82,40.92,124.83,1,-1,-1,-1
52,3246,1641.95,526.67,31.91,97.76,1,-1,-1,-1
53,3244,1553.89,568.08,40.98,125.00,1,-1,-1,-1
53,3230,394.96,558.71,41.57,126.79,1,-1,-1,-1
53,3246,1642.80,511.99,36.62,112.14,1,-1,-1,-1
54,3244,1560.35,567.86,41.59,126.84,1,-1,-1,-1
54,3230,392.88,560.40,39.96,121.90,1,-1,-1,-1
54,3246,1649.89,521.43,33.47,102.49,1,-1,-1,-1
55,3244,1563.80,564.21,43.81,133.57,1,-1,-1,-1
55,3230,388.11,559.23,41.22,125.71,1,-1,-1,-1
55,3246,1655.63,530.40,30.65,93.88,1,-1,-1,-1
55,3249,329.00,553.00,39.00,119.00,1,-1,-1,-1
56,3244,1565.10,555.30,48.98,149.31,1,-1,-1,-1
56,3230,385.19,560.55,39.83,121.47,1,-1,-1,-1
56,3246,1658.73,533.16,31.11,95.28,1,-1,-1,-1
56,3249,322.83,553.00,39.00,119.00,1,-1,-1,-1
57,3244,1572.18,551.88,50.97,155.33,1,-1,-1,-1
57,3230,379.72,559.25,41.16,125.54,1,-1,-1,-1
57,3246,1662.53,530.50,29.84,91.40,1,-1,-1,-1
57,3249,320.77,553.00,39.00,119.00,1,-1,-1,-1
58,3244,1574.90,550.48,51.76,157.69,1,-1,-1,-1
58,3230,376.93,555.28,39.80,121.40,1,-1,-1,-1
58,3246,1665.28,528.64,30.83,94.44,1,-1,-1,-1
58,3249,314.30,553.00,39.00,119.00,1,-1,-1,-1
59,3244,1582.54,549.94,52.04,158.51,1,-1,-1,-1
59,3230,376.87,551.55,41.15,125.51,1,-1,-1,-1
59,3246,1666.86,525.31,32.71,100.19,1,-1,-1,-1
59,3249,309.93,550.65,41.05,125.24,1,-1,-1,-1
59,3250,492.98,546.19,24.63,76.12,1,-1,-1,-1
60,3244,1586.85,557.79,49.88,151.89,1,-1,-1,-1
60,3230,371.29,550.19,41.65,127.01,1,-1,-1,-1
60,3246,1666.68,513.35,38.56,118.05,1,-1,-1,-1
60,3249,308.55,549.85,41.74,127.35,1,-1,-1,-1
61,3244,1587.14,548.82,53.75,163.63,1,-1,-1,-1
61,3230,363.63,549.69,41.84,127.57,1,-1,-1,-1
61,3246,1667.34,488.40,44.63,136.57,1,-1,-1,-1
61,3249,305.05,551.79,40.05,122.19,1,-1,-1,-1
62,3244,1593.66,549.28,52.78,160.67,1,-1,-1,-1
62,3230,365.98,551.66,40.04,122.11,1,-1,-1,-1
62,3249,303.95,547.05,39.38,120.15,1,-1,-1,-1
63,3244,1605.30,551.11,47.94,145.93,1,-1,-1,-1
63,3230,361.81,561.76,41.24,125.75,1,-1,-1,-1
63,3249,298.24,561.75,39.13,119.40,1,-1,-1,-1
64,3244,1607.08,557.35,50.56,153.88,1,-1,-1,-1
64,3230,359.23,549.88,43.66,133.11,1,-1,-1,-1
64,3249,295.01,549.65,43.01,131.20,1,-1,-1,-1
64,3246,1687.01,507.21,40.18,122.91,1,-1,-1,-1
65,3244,1608.29,560.76,49.21,149.76,1,-1,-1,-1
65,3230,353.89,555.12,42.62,129.94,1,-1,-1,-1
65,3249,287.93,551.24,44.40,135.43,1,-1,-1,-1
65,3251,405.01,557.26,41.26,125.89,1,-1,-1,-1
65,3246,1689.74,505.70,39.17,119.79,1,-1,-1,-1
66,3230,352.22,564.29,40.32,122.93,1,-1,-1,-1
66,3249,287.27,562.70,41.13,125.44,1,-1,-1,-1
66,3251,404.26,564.55,41.69,127.19,1,-1,-1,-1
66,3246,1696.04,505.24,38.86,118.80,1,-1,-1,-1
67,3230,343.71,550.42,43.38,132.23,1,-1,-1,-1
67,3249,283.90,554.28,41.68,127.11,1,-1,-1,-1
67,3251,397.41,553.96,41.84,127.65,1,-1,-1,-1
67,3246,1698.19,515.74,38.76,118.48,1,-1,-1,-1
67,3244,1625.28,576.15,45.96,139.86,1,-1,-1,-1
68,3230,337.40,545.20,46.56,141.90,1,-1,-1,-1
68,3249,277.08,556.94,41.87,127.70,1,-1,-1,-1
68,3251,388.96,559.11,44.12,134.62,1,-1,-1,-1
68,3246,1703.11,523.84,33.83,103.42,1,-1,-1,-1
68,3244,1627.47,567.34,47.42,144.31,1,-1,-1,-1
69,3230,332.45,543.50,45.72,139.33,1,-1,-1,-1
69,3251,386.16,558.60,42.76,130.43,1,-1,-1,-1
69,3246,1707.32,528.95,33.56,102.62,1,-1,-1,-1
69,3244,1628.59,570.21,50.21,152.77,1,-1,-1,-1
70,3230,328.35,540.37,49.76,151.60,1,-1,-1,-1
70,3251,385.45,558.40,42.19,128.71,1,-1,-1,-1
70,3246,1707.13,524.28,36.96,112.97,1,-1,-1,-1
70,3244,1634.98,572.04,48.99,149.05,1,-1,-1,-1
71,3230,325.43,541.34,49.05,149.42,1,-1,-1,-1
71,3251,379.11,554.21,44.09,134.47,1,-1,-1,-1
71,3246,1707.06,522.64,38.15,116.60,1,-1,-1,-1
71,3244,1638.06,571.87,50.81,154.58,1,-1,-1,-1
72,3230,322.25,548.11,46.60,141.95,1,-1,-1,-1
72,3251,377.25,556.71,42.73,130.32,1,-1,-1,-1
72,3246,1706.85,516.70,38.64,118.07,1,-1,-1,-1
72,3244,1641.91,568.95,53.93,164.02,1,-1,-1,-1
73,3230,316.94,544.37,47.78,145.52,1,-1,-1,-1
73,3251,370.96,557.72,42.18,128.63,1,-1,-1,-1
73,3246,1706.63,519.62,38.83,118.65,1,-1,-1,-1
73,3244,1643.27,567.81,55.11,167.61,1,-1,-1,-1
74,3230,309.19,540.84,50.48,153.70,1,-1,-1,-1
74,3251,368.82,558.10,41.97,128.00,1,-1,-1,-1
74,3246,1711.70,520.72,38.91,118.87,1,-1,-1,-1
74,3244,1647.62,570.12,53.15,161.61,1,-1,-1,-1
75,3230,304.46,547.86,47.17,143.64,1,-1,-1,-1
75,3251,361.28,554.25,43.93,133.97,1,-1,-1,-1
75,3246,1713.53,521.11,38.94,118.96,1,-1,-1,-1
75,3244,1654.37,578.32,50.03,152.13,1,-1,-1,-1
76,3230,297.67,544.32,47.96,146.01,1,-1,-1,-1
76,3251,356.11,552.95,46.79,142.65,1,-1,-1,-1
76,3246,1714.88,527.36,35.60,108.76,1,-1,-1,-1
76,3244,1658.48,581.03,51.18,155.63,1,-1,-1,-1
77,3230,288.45,540.86,50.53,153.80,1,-1,-1,-1
77,3251,350.77,552.36,45.78,139.55,1,-1,-1,-1
77,3246,1714.42,523.39,37.78,115.42,1,-1,-1,-1
77,3244,1659.88,581.97,51.60,156.88,1,-1,-1,-1
78,3230,284.96,547.96,47.14,143.51,1,-1,-1,-1
78,3251,342.82,552.16,45.34,138.19,1,-1,-1,-1
78,3246,1714.27,522.03,38.53,117.70,1,-1,-1,-1
78,3244,1664.96,582.61,49.46,150.37,1,-1,-1,-1
79,3230,277.84,544.40,47.92,145.86,1,-1,-1,-1
79,3251,339.99,552.11,45.16,137.63,1,-1,-1,-1
79,3244,1668.99,582.41,50.96,154.95,1,-1,-1,-1
80,3230,275.37,543.12,48.20,146.69,1,-1,-1,-1
80,3251,333.04,552.11,45.08,137.39,1,-1,-1,-1
80,3244,1670.37,582.31,51.51,156.61,1,-1,-1,-1
81,3230,268.51,549.02,46.15,140.47,1,-1,-1,-1
81,3251,324.53,552.13,45.05,137.26,1,-1,-1,-1
81,3244,1670.73,582.23,51.72,157.23,1,-1,-1,-1
82,3230,259.17,551.43,47.54,144.67,1,-1,-1,-1
82,3244,1675.01,579.79,54.26,164.94,1,-1,-1,-1
83,3230,255.88,552.31,48.04,146.19,1,-1,-1,-1
83,3244,1676.54,578.86,55.21,167.81,1,-1,-1,-1
83,3252,131.02,552.52,47.55,144.76,1,-1,-1,-1
84,3230,249.60,552.51,46.08,140.25,1,-1,-1,-1
84,3244,1676.99,578.47,55.57,168.89,1,-1,-1,-1
84,3252,129.94,556.91,43.29,131.78,1,-1,-1,-1
85,3230,239.62,552.68,47.50,144.56,1,-1,-1,-1
85,3244,1676.39,581.59,58.32,177.20,1,-1,-1,-1
85,3252,122.18,561.05,44.26,134.76,1,-1,-1,-1
86,3230,233.40,551.01,50.31,153.07,1,-1,-1,-1
86,3244,1683.99,579.52,56.77,172.48,1,-1,-1,-1
86,3252,113.16,562.14,44.59,135.74,1,-1,-1,-1
86,3251,293.04,565.54,42.17,128.51,1,-1,-1,-1
87,3230,227.49,552.06,49.12,149.44,1,-1,-1,-1
87,3244,1686.75,581.97,58.76,178.50,1,-1,-1,-1
87,3252,108.99,555.83,47.09,143.35,1,-1,-1,-1
87,3254,1654.44,481.38,99.28,300.34,1,-1,-1,-1
87,3251,286.32,563.06,44.04,134.17,1,-1,-1,-1
88,3230,221.53,558.42,46.46,141.38,1,-1,-1,-1
88,3244,1687.83,586.93,56.89,172.82,1,-1,-1,-1
88,3252,102.71,559.82,45.71,139.16,1,-1,-1,-1
88,3254,1673.40,526.80,84.80,256.55,1,-1,-1,-1
88,3251,278.01,562.34,44.60,135.88,1,-1,-1,-1
89,3230,216.99,561.39,47.63,144.94,1,-1,-1,-1
89,3244,1687.96,592.73,58.78,178.54,1,-1,-1,-1
89,3252,94.30,561.31,45.17,137.52,1,-1,-1,-1
89,3251,268.66,562.59,46.96,143.05,1,-1,-1,-1
89,3255,424.94,535.43,44.29,134.99,1,-1,-1,-1
90,3230,215.45,562.44,48.06,146.21,1,-1,-1,-1
90,3244,1690.57,588.78,62.27,189.10,1,-1,-1,-1
90,3252,85.22,568.12,44.98,136.94,1,-1,-1,-1
90,3251,265.64,568.08,45.75,139.33,1,-1,-1,-1
90,3255,424.97,554.78,40.32,122.89,1,-1,-1,-1
91,3230,208.62,562.80,48.21,146.69,1,-1,-1,-1
91,3244,1688.93,593.21,60.85,184.75,1,-1,-1,-1
91,3252,75.93,570.53,44.92,136.75,1,-1,-1,-1
91,3251,257.94,571.21,47.40,144.37,1,-1,-1,-1
91,3255,418.51,561.47,38.95,118.71,1,-1,-1,-1
92,3230,199.73,569.38,48.27,146.85,1,-1,-1,-1
92,3252,69.72,572.35,47.10,143.38,1,-1,-1,-1
92,3251,248.80,572.35,48.02,146.22,1,-1,-1,-1
92,3255,407.77,556.24,43.18,131.59,1,-1,-1,-1
92,3254,1681.99,550.56,84.50,255.63,1,-1,-1,-1
93,3230,190.09,571.83,48.29,146.90,1,-1,-1,-1
93,3252,61.12,572.96,47.90,145.80,1,-1,-1,-1
93,3251,240.74,577.75,46.12,140.44,1,-1,-1,-1
93,3255,403.55,564.77,42.35,129.08,1,-1,-1,-1
93,3254,1676.73,553.38,89.23,269.92,1,-1,-1,-1
93,3244,1691.25,598.35,63.34,192.28,1,-1,-1,-1
94,3230,180.16,572.70,48.29,146.91,1,-1,-1,-1
94,3252,49.42,578.18,46.05,140.18,1,-1,-1,-1
94,3251,237.96,579.78,45.37,138.13,1,-1,-1,-1
94,3255,396.34,567.69,42.02,128.05,1,-1,-1,-1
94,3254,1674.94,554.32,90.84,274.76,1,-1,-1,-1
94,3244,1696.92,605.09,60.91,184.89,1,-1,-1,-1
95,3230,176.65,572.96,48.29,146.90,1,-1,-1,-1
95,3251,225.72,574.55,49.57,150.91,1,-1,-1,-1
95,3255,392.35,575.51,39.93,121.71,1,-1,-1,-1
95,3254,1675.48,554.57,95.72,289.49,1,-1,-1,-1
95,3244,1700.09,602.59,65.96,200.19,1,-1,-1,-1
96,3230,163.09,572.19,50.59,153.88,1,-1,-1,-1
96,3251,218.09,579.72,48.87,148.76,1,-1,-1,-1
96,3255,385.64,578.06,39.18,119.43,1,-1,-1,-1
96,3254,1686.36,554.44,93.27,282.07,1,-1,-1,-1
96,3244,1703.26,609.30,64.81,196.69,1,-1,-1,-1
97,3230,158.17,571.88,51.45,156.47,1,-1,-1,-1
97,3251,215.42,581.77,48.56,147.80,1,-1,-1,-1
97,3255,370.03,561.88,45.23,137.84,1,-1,-1,-1
97,3254,1690.66,554.16,92.17,278.73,1,-1,-1,-1
97,3244,1704.37,611.87,64.33,195.19,1,-1,-1,-1
98,3230,149.15,577.50,47.37,144.09,1,-1,-1,-1
98,3251,208.19,582.49,48.43,147.39,1,-1,-1,-1
98,3255,366.82,572.02,41.47,126.41,1,-1,-1,-1
98,3254,1690.17,543.72,57.50,174.02,1,-1,-1,-1
98,3244,1713.25,612.75,64.14,194.60,1,-1,-1,-1
99,3230,139.91,581.11,47.94,145.82,1,-1,-1,-1
99,3251,199.21,582.71,48.37,147.21,1,-1,-1,-1
99,3255,360.85,575.15,41.75,127.24,1,-1,-1,-1
99,3254,1689.48,545.00,42.36,128.29,1,-1,-1,-1
99,3244,1716.50,612.98,64.06,194.35,1,-1,-1,-1
100,3230,130.23,582.37,48.14,146.43,1,-1,-1,-1
100,3251,191.48,582.40,50.64,154.10,1,-1,-1,-1
100,3255,344.01,559.14,48.37,147.38,1,-1,-1,-1
100,3254,1689.24,545.24,38.90,117.89,1,-1,-1,-1
100,3244,1716.11,614.34,67.07,203.45,1,-1,-1,-1
101,3230,120.35,582.77,48.22,146.66,1,-1,-1,-1
101,3251,181.90,582.26,51.49,156.65,1,-1,-1,-1
101,3255,341.08,569.46,44.62,135.97,1,-1,-1,-1
101,3254,1689.18,545.28,38.11,115.57,1,-1,-1,-1
101,3244,1715.90,614.80,68.20,206.83,1,-1,-1,-1
102,3230,117.75,587.51,46.09,140.20,1,-1,-1,-1
102,3251,171.58,582.16,51.81,157.60,1,-1,-1,-1
102,3255,334.87,573.90,42.91,130.75,1,-1,-1,-1
102,3254,1683.19,545.26,38.02,115.34,1,-1,-1,-1
102,3244,1718.06,614.37,71.84,217.85,1,-1,-1,-1
103,3230,109.71,584.49,47.47,144.39,1,-1,-1,-1
103,3251,166.91,582.42,49.63,150.99,1,-1,-1,-1
103,3255,327.11,575.48,42.27,128.80,1,-1,-1,-1
103,3254,1681.27,545.23,38.11,115.69,1,-1,-1,-1
103,3244,1725.47,614.68,70.05,212.40,1,-1,-1,-1
104,3230,100.47,583.38,47.97,145.91,1,-1,-1,-1
104,3251,158.94,582.47,48.77,148.35,1,-1,-1,-1
104,3255,318.78,576.01,42.03,128.07,1,-1,-1,-1
104,3254,1680.67,545.19,38.25,116.15,1,-1,-1,-1
104,3244,1728.30,614.70,69.29,210.06,1,-1,-1,-1
104,3258,1542.22,514.74,31.02,95.16,1,-1,-1,-1
104,3259,379.98,574.53,42.52,129.46,1,-1,-1,-1
105,3230,88.00,582.56,50.46,153.47,1,-1,-1,-1
105,3255,312.46,582.49,40.05,122.06,1,-1,-1,-1
105,3254,1680.52,545.16,38.37,116.57,1,-1,-1,-1
105,3244,1732.23,614.12,72.25,219.00,1,-1,-1,-1
105,3258,1541.31,514.44,31.34,96.15,1,-1,-1,-1
105,3259,368.58,565.01,46.98,143.01,1,-1,-1,-1
106,3230,76.67,582.23,51.39,156.30,1,-1,-1,-1
106,3255,302.43,578.40,41.22,125.61,1,-1,-1,-1
106,3254,1675.01,545.14,38.47,116.92,1,-1,-1,-1
106,3244,1730.72,623.40,70.14,212.60,1,-1,-1,-1
106,3258,1536.30,515.87,29.82,91.49,1,-1,-1,-1
106,3259,360.34,568.11,46.02,140.09,1,-1,-1,-1
107,3230,72.57,575.20,51.75,157.37,1,-1,-1,-1
107,3254,1673.08,545.12,38.55,117.21,1,-1,-1,-1
107,3244,1732.93,617.27,72.55,219.86,1,-1,-1,-1
107,3258,1534.02,515.90,27.80,85.31,1,-1,-1,-1
107,3259,351.11,569.67,45.46,138.39,1,-1,-1,-1
108,3230,60.02,569.62,54.32,165.17,1,-1,-1,-1
108,3254,1666.64,536.71,40.54,123.28,1,-1,-1,-1
108,3244,1739.79,624.53,70.21,212.78,1,-1,-1,-1
108,3259,340.19,555.17,50.11,152.54,1,-1,-1,-1
109,3230,52.99,570.31,52.88,160.77,1,-1,-1,-1
109,3254,1664.74,541.86,39.40,119.85,1,-1,-1,-1
109,3244,1742.34,627.31,69.26,209.89,1,-1,-1,-1
109,3259,330.09,546.38,54.18,164.91,1,-1,-1,-1
110,3230,43.72,570.62,52.27,158.92,1,-1,-1,-1
110,3254,1664.15,543.91,38.98,118.63,1,-1,-1,-1
110,3244,1745.13,626.43,75.71,229.38,1,-1,-1,-1
110,3259,322.25,560.61,48.84,148.65,1,-1,-1,-1
110,3261,194.02,584.81,39.61,120.72,1,-1,-1,-1
110,3255,267.39,583.98,41.79,127.37,1,-1,-1,-1
111,3230,33.57,570.75,52.03,158.18,1,-1,-1,-1
111,3244,1746.14,626.10,78.06,236.48,1,-1,-1,-1
111,3259,315.45,561.23,48.68,148.15,1,-1,-1,-1
111,3261,183.10,589.41,37.10,113.06,1,-1,-1,-1
111,3255,258.57,584.43,41.87,127.59,1,-1,-1,-1
112,3230,24.10,575.41,54.40,165.37,1,-1,-1,-1
112,3244,1746.41,625.90,78.97,239.20,1,-1,-1,-1
112,3259,306.63,568.13,48.60,147.92,1,-1,-1,-1
112,3261,175.58,592.72,34.31,104.59,1,-1,-1,-1
112,3255,249.91,584.58,41.89,127.67,1,-1,-1,-1
113,3230,12.92,579.47,52.86,160.67,1,-1,-1,-1
113,3244,1746.40,625.76,79.29,240.15,1,-1,-1,-1
113,3261,166.04,591.65,35.58,108.48,1,-1,-1,-1
113,3255,241.30,584.60,41.90,127.69,1,-1,-1,-1
114,3230,8.51,581.41,49.91,151.71,1,-1,-1,-1
114,3244,1746.30,625.66,79.38,240.40,1,-1,-1,-1
114,3261,154.52,593.01,37.89,115.51,1,-1,-1,-1
114,3255,233.00,590.48,40.03,122.01,1,-1,-1,-1
114,3251,65.03,581.86,51.64,157.07,1,-1,-1,-1
115,3230,0.69,581.76,51.13,155.43,1,-1,-1,-1
115,3244,1746.18,625.58,79.39,240.39,1,-1,-1,-1
115,3261,143.79,596.98,36.87,112.41,1,-1,-1,-1
115,3255,224.91,592.67,39.31,119.83,1,-1,-1,-1
115,3251,51.71,574.50,57.04,173.42,1,-1,-1,-1
116,3230,-1.98,588.70,49.27,149.78,1,-1,-1,-1
116,3244,1749.41,621.16,83.09,251.56,1,-1,-1,-1
116,3261,135.18,598.37,36.48,111.24,1,-1,-1,-1
116,3255,210.05,593.16,40.95,124.82,1,-1,-1,-1
116,3251,44.90,576.54,56.32,171.18,1,-1,-1,-1
116,3259,268.21,578.82,45.41,138.19,1,-1,-1,-1
117,3244,1757.58,634.06,80.80,244.63,1,-1,-1,-1
117,3261,122.63,595.23,38.17,116.39,1,-1,-1,-1
117,3255,199.18,593.31,41.55,126.65,1,-1,-1,-1
117,3251,35.30,577.40,55.98,170.15,1,-1,-1,-1
117,3259,255.86,573.69,49.79,151.52,1,-1,-1,-1
118,3244,1760.73,639.17,79.84,241.68,1,-1,-1,-1
118,3261,113.04,594.07,38.77,118.24,1,-1,-1,-1
118,3255,189.74,593.31,41.78,127.35,1,-1,-1,-1
118,3251,18.27,574.36,61.29,186.20,1,-1,-1,-1
118,3259,248.29,578.01,46.71,142.16,1,-1,-1,-1
119,3244,1761.82,641.04,79.45,240.50,1,-1,-1,-1
119,3261,115.20,599.04,40.88,124.66,1,-1,-1,-1
119,3251,11.43,579.69,60.54,183.89,1,-1,-1,-1
119,3259,235.24,573.66,50.03,152.23,1,-1,-1,-1
120,3244,1762.13,641.68,79.29,239.99,1,-1,-1,-1
120,3261,109.89,599.01,43.64,133.06,1,-1,-1,-1
120,3259,226.94,579.31,48.94,148.90,1,-1,-1,-1
121,3244,1762.16,641.84,79.21,239.75,1,-1,-1,-1
121,3261,102.17,598.96,44.70,136.26,1,-1,-1,-1
121,3259,214.00,581.17,50.81,154.58,1,-1,-1,-1
122,3244,1766.25,638.21,82.93,250.97,1,-1,-1,-1
122,3261,93.49,598.89,45.09,137.44,1,-1,-1,-1
122,3259,202.54,581.84,51.50,156.66,1,-1,-1,-1
122,3262,276.52,558.86,41.26,125.89,1,-1,-1,-1
123,3244,1767.74,636.82,84.31,255.14,1,-1,-1,-1
123,3261,80.82,606.27,43.24,131.81,1,-1,-1,-1
123,3259,191.59,582.05,51.76,157.44,1,-1,-1,-1
123,3262,267.80,566.53,39.55,120.68,1,-1,-1,-1
124,3244,1779.35,647.39,84.83,256.68,1,-1,-1,-1
124,3261,70.60,609.10,42.48,129.49,1,-1,-1,-1
124,3259,180.86,582.09,51.85,157.70,1,-1,-1,-1
124,3262,259.45,567.55,41.18,125.65,1,-1,-1,-1
125,3244,1783.37,645.97,88.99,269.24,1,-1,-1,-1
125,3261,58.18,608.61,44.19,134.70,1,-1,-1,-1
125,3259,170.22,582.07,51.88,157.76,1,-1,-1,-1
125,3262,250.39,563.81,43.93,134.01,1,-1,-1,-1
126,3244,1784.82,645.40,90.55,273.93,1,-1,-1,-1
126,3261,47.78,608.39,44.82,136.60,1,-1,-1,-1
126,3259,159.61,582.02,51.88,157.75,1,-1,-1,-1
126,3262,241.12,562.44,44.86,136.84,1,-1,-1,-1
127,3244,1797.17,645.12,91.13,275.65,1,-1,-1,-1
127,3261,33.42,610.95,47.17,143.73,1,-1,-1,-1
127,3259,148.97,588.80,49.57,150.75,1,-1,-1,-1
127,3262,232.94,565.56,43.07,131.40,1,-1,-1,-1
128,3244,1801.44,650.40,87.34,264.17,1,-1,-1,-1
128,3261,21.84,611.90,48.06,146.41,1,-1,-1,-1
128,3259,137.44,589.59,53.53,162.75,1,-1,-1,-1
128,3262,224.43,566.71,42.34,129.16,1,-1,-1,-1
129,3244,1797.54,651.34,94.21,284.91,1,-1,-1,-1
129,3261,10.85,615.48,46.28,140.98,1,-1,-1,-1
129,3259,126.05,589.88,54.94,167.03,1,-1,-1,-1
129,3262,215.82,572.97,42.07,128.32,1,-1,-1,-1
130,3244,1801.68,659.09,92.51,279.76,1,-1,-1,-1
130,3261,0.97,617.90,43.53,132.62,1,-1,-1,-1
130,3259,117.91,598.02,50.80,154.43,1,-1,-1,-1
130,3262,207.20,575.20,41.96,127.98,1,-1,-1,-1
131,3244,1803.16,662.14,91.75,277.45,1,-1,-1,-1
131,3259,104.42,592.76,53.99,164.11,1,-1,-1,-1
131,3262,195.74,572.77,43.96,134.06,1,-1,-1,-1
131,3264,1729.00,561.00,39.00,119.00,1,-1,-1,-1
132,3244,1810.84,655.59,95.73,289.46,1,-1,-1,-1
132,3259,92.34,598.25,55.11,167.50,1,-1,-1,-1
132,3262,188.86,574.94,42.70,130.21,1,-1,-1,-1
132,3264,1722.83,561.00,39.00,119.00,1,-1,-1,-1
133,3244,1818.35,660.60,92.98,281.13,1,-1,-1,-1
133,3259,84.10,601.69,53.10,161.39,1,-1,-1,-1
133,3262,180.93,575.72,42.18,128.63,1,-1,-1,-1
133,3264,1720.77,561.00,39.00,119.00,1,-1,-1,-1
134,3244,1821.12,662.52,91.83,277.63,1,-1,-1,-1
134,3259,70.48,601.58,54.78,166.47,1,-1,-1,-1
134,3262,172.58,581.69,41.99,128.03,1,-1,-1,-1
134,3264,1720.31,561.00,39.00,119.00,1,-1,-1,-1
135,3244,1822.02,663.17,91.37,276.24,1,-1,-1,-1
135,3259,55.83,609.73,52.95,160.90,1,-1,-1,-1
135,3262,164.08,583.86,41.91,127.80,1,-1,-1,-1
135,3264,1714.49,561.00,39.00,119.00,1,-1,-1,-1
136,3244,1830.42,668.70,95.51,288.72,1,-1,-1,-1
136,3259,45.71,611.96,54.71,166.24,1,-1,-1,-1
136,3262,155.52,584.60,41.89,127.70,1,-1,-1,-1
136,3264,1712.59,561.00,39.00,119.00,1,-1,-1,-1
137,3259,34.84,612.73,55.35,168.18,1,-1,-1,-1
137,3262,146.93,584.81,41.87,127.67,1,-1,-1,-1
137,3264,1712.05,561.00,39.00,119.00,1,-1,-1,-1
138,3259,16.83,609.90,58.22,176.86,1,-1,-1,-1
138,3264,1711.98,561.00,39.00,119.00,1,-1,-1,-1
139,3259,2.44,611.77,56.71,172.27,1,-1,-1,-1
139,3264,1706.62,561.00,39.00,119.00,1,-1,-1,-1
140,3264,1704.73,561.00,39.00,119.00,1,-1,-1,-1
141,3264,1704.13,555.63,39.00,119.00,1,-1,-1,-1
141,3265,1561.00,545.00,39.00,119.00,1,-1,-1,-1
142,3264,1704.01,553.64,39.00,119.00,1,-1,-1,-1
142,3265,1561.00,545.00,39.00,119.00,1,-1,-1,-1
143,3264,1702.63,563.11,37.24,113.64,1,-1,-1,-1
143,3265,1554.78,545.00,39.00,119.00,1,-1,-1,-1
144,3264,1698.23,561.81,38.36,117.06,1,-1,-1,-1
144,3265,1552.83,545.00,39.00,119.00,1,-1,-1,-1
145,3264,1696.69,561.34,38.77,118.29,1,-1,-1,-1
145,3265,1546.11,542.23,41.05,125.24,1,-1,-1,-1
146,3264,1696.20,561.15,38.92,118.77,1,-1,-1,-1
146,3265,1544.29,543.92,39.80,121.42,1,-1,-1,-1
147,3264,1696.09,566.37,38.98,118.95,1,-1,-1,-1
147,3265,1537.46,547.91,41.26,125.87,1,-1,-1,-1
148,3264,1690.83,563.04,39.00,119.01,1,-1,-1,-1
148,3265,1535.93,551.51,39.87,121.64,1,-1,-1,-1
149,3264,1688.18,566.58,37.26,113.72,1,-1,-1,-1
149,3265,1530.12,547.38,39.31,119.95,1,-1,-1,-1
150,3264,1682.64,563.01,38.37,117.11,1,-1,-1,-1
150,3265,1528.15,551.27,39.11,119.32,1,-1,-1,-1
151,3265,1522.19,552.68,39.03,119.09,1,-1,-1,-1
152,3265,1512.84,545.25,40.90,124.78,1,-1,-1,-1
153,3265,1506.13,545.01,39.74,121.23,1,-1,-1,-1
154,3265,1501.45,542.36,41.16,125.55,1,-1,-1,-1
155,3265,1496.88,543.91,39.83,121.49,1,-1,-1,-1
156,3265,1490.03,544.55,39.29,119.87,1,-1,-1,-1
157,3265,1482.34,544.79,39.09,119.26,1,-1,-1,-1
158,3265,1476.22,542.34,40.90,124.77,1,-1,-1,-1
159,3265,1472.23,538.72,39.73,121.19,1,-1,-1,-1
160,3265,1465.66,542.65,39.26,119.76,1,-1,-1,-1
161,3265,1463.41,538.81,39.08,119.22,1,-1,-1,-1
162,3265,1458.53,540.16,40.89,124.74,1,-1,-1,-1
163,3265,1455.78,543.17,39.72,121.18,1,-1,-1,-1
164,3265,1449.67,544.37,39.25,119.75,1,-1,-1,-1
165,3265,1442.25,544.82,39.08,119.22,1,-1,-1,-1
166,3265,1439.67,544.99,39.01,119.02,1,-1,-1,-1
167,3265,1433.59,539.74,38.99,118.95,1,-1,-1,-1
168,3265,1426.20,537.77,38.98,118.93,1,-1,-1,-1
169,3265,1423.61,537.04,38.98,118.93,1,-1,-1,-1
170,3265,1416.70,533.88,40.86,124.64,1,-1,-1,-1
171,3265,1414.23,532.72,41.55,126.75,1,-1,-1,-1
172,3265,1407.94,532.31,41.82,127.56,1,-1,-1,-1
173,3265,1405.72,532.19,41.92,127.84,1,-1,-1,-1
174,3265,1406.22,535.06,40.09,122.27,1,-1,-1,-1
175,3265,1399.21,534.21,43.29,132.02,1,-1,-1,-1
176,3265,1398.73,540.96,40.68,124.05,1,-1,-1,-1
177,3265,1398.89,543.75,39.58,120.72,1,-1,-1,-1
178,3265,1393.73,544.76,39.18,119.49,1,-1,-1,-1
179,3265,1389.98,542.56,40.92,124.79,1,-1,-1,-1
180,3265,1385.40,544.25,39.71,121.12,1,-1,-1,-1
181,3265,1383.83,544.89,39.24,119.67,1,-1,-1,-1
182,3265,1379.69,537.79,42.96,131.01,1,-1,-1,-1
183,3265,1376.63,542.25,40.57,123.71,1,-1,-1,-1
184,3265,1372.94,541.56,41.44,126.38,1,-1,-1,-1
185,3265,1371.67,535.69,41.76,127.34,1,-1,-1,-1
186,3265,1368.75,541.59,40.02,122.04,1,-1,-1,-1
187,3265,1368.64,536.53,43.27,131.91,1,-1,-1,-1
187,3267,1617.00,554.60,39.00,119.00,1,-1,-1,-1
188,3265,1364.79,539.33,42.48,129.51,1,-1,-1,-1
188,3267,1617.00,553.37,39.00,119.00,1,-1,-1,-1
189,3265,1363.43,540.49,42.14,128.48,1,-1,-1,-1
189,3267,1617.00,552.95,39.00,119.00,1,-1,-1,-1
190,3265,1357.35,540.93,42.01,128.07,1,-1,-1,-1
190,3267,1613.94,550.42,41.12,125.46,1,-1,-1,-1
191,3265,1355.17,541.10,41.95,127.89,1,-1,-1,-1
191,3267,1615.82,551.91,39.82,121.49,1,-1,-1,-1
192,3265,1352.67,543.69,40.06,122.13,1,-1,-1,-1
192,3267,1613.69,550.23,41.30,125.99,1,-1,-1,-1
193,3265,1353.71,542.10,41.23,125.70,1,-1,-1,-1
193,3267,1615.73,551.88,39.88,121.67,1,-1,-1,-1
194,3265,1352.35,544.04,39.80,121.33,1,-1,-1,-1
194,3267,1616.55,552.55,39.32,119.95,1,-1,-1,-1
195,3265,1348.03,542.22,41.13,125.41,1,-1,-1,-1
195,3267,1622.31,552.80,39.11,119.32,1,-1,-1,-1
196,3265,1346.51,541.55,41.62,126.89,1,-1,-1,-1
196,3267,1618.99,552.90,39.03,119.09,1,-1,-1,-1
197,3265,1346.03,541.30,41.81,127.46,1,-1,-1,-1
197,3267,1623.11,552.94,39.00,119.00,1,-1,-1,-1
198,3265,1343.07,536.48,43.87,133.74,1,-1,-1,-1
198,3267,1624.63,552.96,38.99,118.97,1,-1,-1,-1
199,3265,1342.01,534.68,44.65,136.08,1,-1,-1,-1
199,3267,1625.17,552.97,38.99,118.97,1,-1,-1,-1
200,3265,1341.69,534.00,44.94,136.96,1,-1,-1,-1
200,3267,1628.74,550.81,40.88,124.70,1,-1,-1,-1
201,3265,1338.96,538.44,43.06,131.23,1,-1,-1,-1
201,3267,1630.05,550.01,41.57,126.82,1,-1,-1,-1
202,3265,1340.76,535.42,44.33,135.10,1,-1,-1,-1
202,3267,1632.39,551.84,39.99,121.98,1,-1,-1,-1
203,3265,1338.76,539.01,42.82,130.47,1,-1,-1,-1
203,3267,1631.30,550.40,41.24,125.81,1,-1,-1,-1
204,3265,1338.07,540.43,42.21,128.63,1,-1,-1,-1
204,3267,1635.22,545.59,43.69,133.23,1,-1,-1,-1
205,3265,1337.88,540.96,41.98,127.94,1,-1,-1,-1
205,3267,1637.95,547.99,42.66,130.10,1,-1,-1,-1
206,3265,1336.79,543.70,40.02,121.97,1,-1,-1,-1
206,3267,1640.46,551.14,40.36,123.08,1,-1,-1,-1
207,3265,1334.12,543.50,43.24,131.77,1,-1,-1,-1
207,3267,1645.53,550.18,41.37,126.15,1,-1,-1,-1
208,3265,1330.90,547.68,42.41,129.25,1,-1,-1,-1
208,3267,1648.48,557.23,39.87,121.59,1,-1,-1,-1
209,3265,1330.14,538.12,46.24,140.89,1,-1,-1,-1
209,3267,1647.47,554.19,43.21,131.75,1,-1,-1,-1
210,3265,1329.86,534.63,47.64,145.14,1,-1,-1,-1
210,3267,1653.01,553.10,44.41,135.39,1,-1,-1,-1
211,3265,1331.68,539.91,46.09,140.40,1,-1,-1,-1
211,3267,1655.58,556.51,42.91,130.82,1,-1,-1,-1
211,3268,880.50,531.04,20.78,64.23,1,-1,-1,-1
212,3265,1332.49,542.04,45.44,138.42,1,-1,-1,-1
212,3267,1662.16,557.85,42.29,128.93,1,-1,-1,-1
212,3268,879.97,532.26,20.54,63.50,1,-1,-1,-1
213,3265,1332.83,542.85,45.19,137.64,1,-1,-1,-1
213,3267,1664.54,558.33,42.06,128.21,1,-1,-1,-1
213,3268,878.84,530.13,21.65,66.92,1,-1,-1,-1
214,3265,1332.99,543.14,45.09,137.32,1,-1,-1,-1
214,3267,1671.03,558.49,41.96,127.92,1,-1,-1,-1
215,3265,1333.08,543.25,45.04,137.18,1,-1,-1,-1
215,3267,1673.71,554.61,43.93,133.90,1,-1,-1,-1
216,3265,1333.14,549.34,45.02,137.11,1,-1,-1,-1
216,3267,1680.61,553.16,44.66,136.12,1,-1,-1,-1
217,3265,1336.54,555.55,43.00,130.97,1,-1,-1,-1
217,3267,1683.18,552.59,44.94,136.95,1,-1,-1,-1
218,3265,1337.87,557.88,42.22,128.60,1,-1,-1,-1
218,3267,1690.05,552.38,45.03,137.23,1,-1,-1,-1
219,3265,1341.12,554.70,43.97,133.94,1,-1,-1,-1
220,3265,1342.30,553.52,44.62,135.88,1,-1,-1,-1
221,3265,1341.31,546.67,47.00,143.13,1,-1,-1,-1
222,3265,1345.16,548.62,43.83,133.50,1,-1,-1,-1
223,3265,1348.86,544.68,46.77,142.41,1,-1,-1,-1
224,3265,1350.17,543.28,47.80,145.55,1,-1,-1,-1
225,3265,1351.67,543.07,46.08,140.31,1,-1,-1,-1
226,3265,1351.14,542.68,47.55,144.76,1,-1,-1,-1
227,3265,1350.93,542.55,48.09,146.38,1,-1,-1,-1
228,3265,1357.28,542.51,48.28,146.97,1,-1,-1,-1
228,3269,1755.76,543.09,45.64,138.82,1,-1,-1,-1
229,3265,1359.68,542.51,48.35,147.16,1,-1,-1,-1
229,3269,1762.22,542.78,47.68,145.03,1,-1,-1,-1
230,3265,1360.54,542.53,48.36,147.19,1,-1,-1,-1
230,3269,1771.82,542.69,48.34,147.04,1,-1,-1,-1
231,3265,1362.47,540.35,50.65,154.14,1,-1,-1,-1
231,3269,1782.11,542.66,48.49,147.48,1,-1,-1,-1
232,3265,1367.98,547.95,47.15,143.48,1,-1,-1,-1
232,3269,1792.29,542.66,48.49,147.49,1,-1,-1,-1
233,3265,1370.09,551.04,45.70,139.09,1,-1,-1,-1
233,3269,1802.42,542.67,48.46,147.40,1,-1,-1,-1
234,3265,1370.66,545.66,47.36,144.13,1,-1,-1,-1
234,3269,1812.43,542.67,48.43,147.30,1,-1,-1,-1
235,3265,1370.96,550.04,45.83,139.47,1,-1,-1,-1
235,3269,1822.44,542.68,48.40,147.21,1,-1,-1,-1
236,3265,1373.07,543.04,49.74,151.35,1,-1,-1,-1
236,3269,1828.53,540.42,50.74,154.31,1,-1,-1,-1
237,3265,1373.83,540.53,51.15,155.61,1,-1,-1,-1
237,3269,1840.81,541.80,49.29,149.90,1,-1,-1,-1
238,3265,1380.85,539.55,51.70,157.26,1,-1,-1,-1
238,3269,1846.65,535.67,53.55,162.84,1,-1,-1,-1
239,3265,1383.52,539.19,51.89,157.84,1,-1,-1,-1
239,3269,1857.59,530.92,52.67,160.17,1,-1,-1,-1
240,3265,1390.23,534.76,54.40,165.43,1,-1,-1,-1
241,3265,1393.86,537.35,52.93,160.96,1,-1,-1,-1
242,3265,1395.15,538.45,52.31,159.06,1,-1,-1,-1
243,3265,1403.82,541.40,47.61,144.78,1,-1,-1,-1
244,3265,1407.00,542.58,45.77,139.19,1,-1,-1,-1
245,3265,1413.81,540.40,49.70,151.15,1,-1,-1,-1
246,3265,1418.65,541.80,48.82,148.48,1,-1,-1,-1
247,3265,1424.88,540.16,50.78,154.41,1,-1,-1,-1
248,3265,1429.05,541.73,49.23,149.69,1,-1,-1,-1
249,3265,1435.45,540.14,50.93,154.85,1,-1,-1,-1
250,3265,1438.51,535.23,53.99,164.16,1,-1,-1,-1
251,3265,1446.62,539.77,50.51,153.57,1,-1,-1,-1
252,3265,1455.57,539.43,51.39,156.24,1,-1,-1,-1
253,3265,1458.71,539.31,51.71,157.20,1,-1,-1,-1
254,3265,1466.65,528.14,56.92,173.00,1,-1,-1,-1
255,3265,1476.25,534.75,53.93,163.93,1,-1,-1,-1
256,3265,1486.06,539.82,50.32,152.94,1,-1,-1,-1
257,3265,1493.67,535.03,53.83,163.59,1,-1,-1,-1
258,3265,1503.66,533.35,55.06,167.32,1,-1,-1,-1
259,3265,1507.32,532.72,55.53,168.73,1,-1,-1,-1
260,3265,1515.84,532.50,55.69,169.22,1,-1,-1,-1
261,3265,1526.34,532.44,55.74,169.35,1,-1,-1,-1
267,3272,1215.58,526.29,39.61,120.72,1,-1,-1,-1
270,3265,1566.22,592.71,59.42,180.49,1,-1,-1,-1
271,3265,1581.72,589.49,62.51,189.83,1,-1,-1,-1
272,3265,1595.45,596.85,63.58,193.02,1,-1,-1,-1
273,3265,1611.73,591.27,66.98,203.27,1,-1,-1,-1
274,3265,1625.16,587.26,71.44,216.75,1,-1,-1,-1
275,3265,1640.59,587.39,70.03,212.45,1,-1,-1,-1
276,3265,1655.43,596.37,69.40,210.49,1,-1,-1,-1
277,3265,1675.51,595.18,75.84,229.95,1,-1,-1,-1
280,3265,1725.55,608.62,78.56,238.14,1,-1,-1,-1
281,3265,1742.81,599.67,78.81,238.83,1,-1,-1,-1
283,3265,1748.53,550.43,67.39,204.23,1,-1,-1,-1
284,3265,1759.34,547.29,61.57,186.61,1,-1,-1,-1
285,3265,1771.13,546.32,59.76,181.15,1,-1,-1,-1
285,3275,1821.80,609.00,79.00,239.00,1,-1,-1,-1
286,3265,1781.78,537.21,62.16,188.42,1,-1,-1,-1
287,3265,1794.71,542.63,60.14,182.32,1,-1,-1,-1
287,3276,1263.40,553.00,39.00,119.00,1,-1,-1,-1
288,3265,1807.00,536.13,62.37,189.09,1,-1,-1,-1
288,3276,1268.51,550.49,41.18,125.64,1,-1,-1,-1
289,3265,1819.43,542.36,60.33,182.90,1,-1,-1,-1
289,3276,1272.48,552.10,39.78,121.37,1,-1,-1,-1
290,3265,1827.45,533.80,65.63,198.95,1,-1,-1,-1
290,3276,1279.65,552.75,39.21,119.65,1,-1,-1,-1
291,3265,1839.28,530.78,67.50,204.62,1,-1,-1,-1
291,3276,1281.78,552.97,39.03,119.09,1,-1,-1,-1
292,3265,1856.31,540.46,65.24,197.76,1,-1,-1,-1
292,3276,1287.98,553.03,38.97,118.92,1,-1,-1,-1
293,3265,1870.99,544.38,64.35,195.06,1,-1,-1,-1
314,3276,1379.96,591.76,48.08,146.61,1,-1,-1,-1
315,3276,1387.74,592.52,48.28,147.15,1,-1,-1,-1
316,3276,1390.60,592.74,48.35,147.32,1,-1,-1,-1
317,3276,1391.54,592.77,48.37,147.33,1,-1,-1,-1
318,3276,1397.02,596.89,46.24,140.82,1,-1,-1,-1
319,3276,1400.14,600.73,47.57,144.86,1,-1,-1,-1
322,3280,1533.86,589.13,44.95,136.84,1,-1,-1,-1
323,3280,1535.28,589.13,44.95,136.84,1,-1,-1,-1
324,3280,1535.81,591.85,42.59,129.66,1,-1,-1,-1
324,3281,36.46,653.51,41.26,125.89,1,-1,-1,-1
325,3283,213.25,633.76,51.03,155.22,1,-1,-1,-1
326,3283,212.41,634.21,51.56,156.82,1,-1,-1,-1
327,3283,212.27,634.93,46.58,141.66,1,-1,-1,-1
327,3280,1552.73,589.36,44.70,136.10,1,-1,-1,-1
328,3283,203.84,634.57,50.25,152.82,1,-1,-1,-1
328,3280,1556.89,590.89,47.33,144.10,1,-1,-1,-1
328,3281,20.03,653.46,44.73,136.45,1,-1,-1,-1
329,3283,201.41,634.47,51.29,155.99,1,-1,-1,-1
329,3280,1562.35,584.55,50.55,153.87,1,-1,-1,-1
329,3281,18.59,653.46,45.03,137.38,1,-1,-1,-1
330,3283,193.36,634.42,51.67,157.14,1,-1,-1,-1
330,3280,1563.70,579.82,54.17,164.87,1,-1,-1,-1
330,3281,11.92,647.19,45.12,137.64,1,-1,-1,-1
331,3283,190.57,634.40,51.80,157.53,1,-1,-1,-1
331,3281,9.59,644.89,45.13,137.65,1,-1,-1,-1
332,3283,183.62,626.84,54.38,165.36,1,-1,-1,-1
332,3281,2.72,644.07,45.12,137.58,1,-1,-1,-1
333,3283,187.11,624.46,52.85,160.68,1,-1,-1,-1
334,3283,181.62,623.60,52.21,158.74,1,-1,-1,-1
335,3283,179.72,623.33,51.96,157.98,1,-1,-1,-1
336,3283,172.65,622.91,54.37,165.28,1,-1,-1,-1
337,3283,169.58,630.03,52.81,160.53,1,-1,-1,-1
338,3283,168.59,632.90,52.17,158.58,1,-1,-1,-1
339,3283,161.32,633.96,51.93,157.84,1,-1,-1,-1
340,3283,158.79,634.49,54.33,165.12,1,-1,-1,-1
341,3283,150.56,634.67,55.21,167.80,1,-1,-1,-1
342,3283,146.51,632.75,58.17,176.76,1,-1,-1,-1
343,3283,146.50,647.42,54.29,164.97,1,-1,-1,-1
343,3287,1444.00,616.99,59.63,180.89,1,-1,-1,-1
344,3283,139.73,653.35,52.68,160.06,1,-1,-1,-1
344,3287,1443.71,613.00,62.95,190.95,1,-1,-1,-1
345,3283,134.84,655.66,57.28,174.01,1,-1,-1,-1
345,3287,1443.61,621.47,64.07,194.35,1,-1,-1,-1
346,3283,127.34,664.65,56.35,171.18,1,-1,-1,-1
346,3287,1443.59,624.48,64.34,195.16,1,-1,-1,-1
347,3283,117.12,668.15,55.94,169.94,1,-1,-1,-1
347,3287,1443.59,625.38,64.35,195.20,1,-1,-1,-1
348,3283,113.43,669.37,55.78,169.43,1,-1,-1,-1
348,3287,1443.85,638.77,61.30,185.93,1,-1,-1,-1
349,3283,112.22,669.72,55.71,169.21,1,-1,-1,-1
349,3287,1443.69,639.36,63.17,191.61,1,-1,-1,-1
350,3283,101.32,669.37,58.32,177.13,1,-1,-1,-1
350,3287,1452.08,643.43,60.90,184.72,1,-1,-1,-1
351,3283,97.35,669.18,59.30,180.07,1,-1,-1,-1
351,3287,1455.61,640.72,62.97,191.00,1,-1,-1,-1
352,3283,91.77,676.77,57.05,173.23,1,-1,-1,-1
352,3287,1456.84,648.34,63.71,193.24,1,-1,-1,-1
353,3283,86.14,679.77,58.81,178.57,1,-1,-1,-1
353,3287,1456.88,654.43,61.12,185.37,1,-1,-1,-1
354,3283,80.46,680.69,56.83,172.57,1,-1,-1,-1
354,3287,1457.15,661.98,63.02,191.13,1,-1,-1,-1
355,3283,82.01,692.80,53.54,162.59,1,-1,-1,-1
355,3287,1457.22,664.62,63.71,193.20,1,-1,-1,-1
356,3283,74.98,685.27,57.56,174.76,1,-1,-1,-1
356,3287,1452.59,660.06,67.01,203.20,1,-1,-1,-1
357,3283,64.66,682.64,58.97,179.02,1,-1,-1,-1
357,3287,1450.82,658.27,68.25,206.93,1,-1,-1,-1
358,3283,55.19,679.39,62.31,189.16,1,-1,-1,-1
358,3287,1450.11,657.43,68.71,208.31,1,-1,-1,-1
359,3283,49.46,680.20,60.82,184.62,1,-1,-1,-1
359,3287,1449.83,666.12,68.86,208.76,1,-1,-1,-1
359,3292,1378.86,609.44,64.95,196.74,1,-1,-1,-1
360,3283,41.26,678.32,63.02,191.26,1,-1,-1,-1
360,3287,1449.72,669.36,68.90,208.86,1,-1,-1,-1
360,3292,1378.64,621.50,64.22,194.54,1,-1,-1,-1
361,3283,36.61,687.56,61.04,185.26,1,-1,-1,-1
361,3287,1449.35,672.59,72.14,218.67,1,-1,-1,-1
361,3292,1375.29,616.07,71.55,216.72,1,-1,-1,-1
362,3283,27.10,691.15,60.23,182.78,1,-1,-1,-1
362,3287,1458.49,680.67,70.16,212.64,1,-1,-1,-1
362,3292,1377.22,622.64,66.99,202.93,1,-1,-1,-1
363,3283,16.95,686.71,65.82,199.70,1,-1,-1,-1
363,3287,1462.12,683.71,69.32,210.09,1,-1,-1,-1
363,3292,1368.86,627.17,68.37,207.11,1,-1,-1,-1
364,3283,12.65,689.09,64.92,196.96,1,-1,-1,-1
364,3292,1365.85,635.57,65.57,198.64,1,-1,-1,-1
369,3294,1569.82,674.93,72.61,219.93,1,-1,-1,-1
371,3292,1359.10,643.82,73.29,222.01,1,-1,-1,-1
372,3292,1349.23,642.67,77.30,234.10,1,-1,-1,-1
373,3292,1355.03,643.51,75.31,228.07,1,-1,-1,-1
373,3287,1457.66,721.07,78.59,238.12,1,-1,-1,-1
374,3292,1347.95,642.47,77.95,236.06,1,-1,-1,-1
374,3287,1457.29,722.33,79.01,239.34,1,-1,-1,-1
375,3292,1352.27,638.49,82.61,250.12,1,-1,-1,-1
375,3287,1458.21,722.88,82.88,250.99,1,-1,-1,-1
375,3294,1553.33,688.76,78.80,238.68,1,-1,-1,-1
376,3292,1347.13,640.44,80.75,244.48,1,-1,-1,-1
376,3287,1458.55,723.02,84.33,255.34,1,-1,-1,-1
376,3294,1552.37,689.56,79.17,239.76,1,-1,-1,-1
377,3287,1458.67,722.94,84.88,256.94,1,-1,-1,-1
377,3294,1541.36,689.81,79.28,240.09,1,-1,-1,-1
378,3287,1457.66,733.04,81.35,246.27,1,-1,-1,-1
378,3294,1537.34,689.83,79.30,240.12,1,-1,-1,-1
379,3287,1454.63,724.09,87.77,265.63,1,-1,-1,-1
379,3294,1535.96,689.77,79.28,240.04,1,-1,-1,-1
380,3287,1453.53,720.86,90.09,272.61,1,-1,-1,-1
380,3294,1535.59,689.68,79.24,239.93,1,-1,-1,-1
381,3287,1455.65,731.85,83.37,252.28,1,-1,-1,-1
381,3294,1535.57,689.60,79.21,239.82,1,-1,-1,-1
382,3287,1446.14,737.07,84.41,255.39,1,-1,-1,-1
382,3294,1535.67,689.53,79.19,239.72,1,-1,-1,-1
382,3292,1306.90,636.89,84.44,255.59,1,-1,-1,-1
383,3287,1442.74,738.90,84.77,256.48,1,-1,-1,-1
383,3294,1525.22,689.46,79.16,239.63,1,-1,-1,-1
383,3292,1303.92,636.31,84.66,256.23,1,-1,-1,-1
384,3287,1441.48,739.49,84.90,256.84,1,-1,-1,-1
384,3294,1531.95,689.41,79.14,239.55,1,-1,-1,-1
385,3287,1436.53,738.16,88.95,269.06,1,-1,-1,-1
385,3294,1528.14,688.00,82.89,250.88,1,-1,-1,-1
386,3287,1438.81,748.49,82.82,250.54,1,-1,-1,-1
386,3294,1526.76,687.46,84.28,255.07,1,-1,-1,-1
387,3287,1435.58,741.15,88.25,266.93,1,-1,-1,-1
387,3294,1522.26,688.57,81.09,245.40,1,-1,-1,-1
388,3287,1427.76,751.08,86.22,260.78,1,-1,-1,-1
388,3294,1513.39,687.62,83.59,252.96,1,-1,-1,-1
389,3287,1421.46,750.96,93.74,283.50,1,-1,-1,-1
390,3287,1417.17,754.10,92.32,279.18,1,-1,-1,-1
390,3297,1218.64,641.39,77.89,235.79,1,-1,-1,-1
390,3294,1480.80,713.77,80.16,242.55,1,-1,-1,-1
391,3287,1415.59,755.24,91.67,277.21,1,-1,-1,-1
391,3297,1205.31,641.09,78.69,238.22,1,-1,-1,-1
391,3294,1473.72,719.88,79.22,239.72,1,-1,-1,-1
392,3297,1200.63,640.99,78.98,239.07,1,-1,-1,-1
392,3294,1460.65,721.92,78.91,238.77,1,-1,-1,-1
393,3297,1187.62,640.97,79.05,239.28,1,-1,-1,-1
395,3287,1383.03,769.08,96.81,292.70,1,-1,-1,-1
397,3297,1153.32,655.91,78.98,239.07,1,-1,-1,-1
398,3297,1136.45,654.29,82.98,251.16,1,-1,-1,-1
399,3297,1123.06,656.69,80.50,243.64,1,-1,-1,-1
404,3297,1049.30,653.79,84.34,255.24,1,-1,-1,-1
405,3299,1246.86,558.86,41.26,125.89,1,-1,-1,-1
405,3297,1055.91,652.18,93.29,282.26,1,-1,-1,-1
406,3299,1236.37,560.48,39.55,120.68,1,-1,-1,-1
406,3297,1045.27,651.66,96.32,291.38,1,-1,-1,-1
407,3299,1220.10,561.04,38.95,118.86,1,-1,-1,-1
407,3297,1031.93,658.87,93.30,282.21,1,-1,-1,-1
408,3299,1209.46,561.17,38.82,118.45,1,-1,-1,-1
408,3297,1015.16,661.72,92.02,278.30,1,-1,-1,-1
409,3299,1194.85,561.18,38.81,118.42,1,-1,-1,-1
409,3297,992.13,655.12,95.81,289.74,1,-1,-1,-1
410,3299,1179.02,561.16,38.83,118.48,1,-1,-1,-1
410,3297,964.89,660.14,92.99,281.18,1,-1,-1,-1
411,3299,1168.42,561.14,38.85,118.56,1,-1,-1,-1
411,3297,937.13,657.37,100.78,304.68,1,-1,-1,-1
412,3299,1154.17,561.12,38.88,118.62,1,-1,-1,-1
412,3297,912.48,666.08,99.15,299.74,1,-1,-1,-1
413,3299,1138.62,561.10,38.90,118.68,1,-1,-1,-1
413,3297,890.50,669.58,98.41,297.47,1,-1,-1,-1
414,3299,1128.03,561.08,38.91,118.73,1,-1,-1,-1
414,3297,867.89,677.62,93.79,283.51,1,-1,-1,-1
415,3299,1113.88,561.07,38.92,118.77,1,-1,-1,-1
415,3297,835.71,673.75,96.35,291.21,1,-1,-1,-1
416,3299,1098.42,561.06,38.93,118.80,1,-1,-1,-1
416,3297,811.45,672.31,97.27,293.99,1,-1,-1,-1
417,3297,789.97,671.70,97.61,294.98,1,-1,-1,-1
418,3297,769.58,671.42,97.71,295.28,1,-1,-1,-1
419,3297,749.62,671.27,97.73,295.32,1,-1,-1,-1
420,3297,716.86,684.15,97.72,295.28,1,-1,-1,-1
420,3299,1031.73,550.98,41.50,126.61,1,-1,-1,-1
421,3297,683.11,679.88,102.33,309.18,1,-1,-1,-1
421,3299,1014.27,549.80,41.81,127.55,1,-1,-1,-1
422,3297,654.40,687.20,99.50,300.61,1,-1,-1,-1
422,3299,995.22,551.53,40.07,122.22,1,-1,-1,-1
423,3297,618.26,690.02,98.33,297.07,1,-1,-1,-1
423,3299,976.75,545.69,43.30,132.05,1,-1,-1,-1
424,3297,579.50,691.00,97.87,295.68,1,-1,-1,-1
424,3299,955.77,547.81,42.51,129.65,1,-1,-1,-1
425,3297,550.95,700.32,89.31,269.84,1,-1,-1,-1
425,3299,936.98,543.10,42.17,128.61,1,-1,-1,-1
426,3297,506.94,687.14,104.65,316.17,1,-1,-1,-1
426,3299,919.18,547.02,42.04,128.18,1,-1,-1,-1
427,3297,470.29,694.09,105.01,317.23,1,-1,-1,-1
427,3299,898.91,550.68,40.11,122.32,1,-1,-1,-1
428,3297,423.00,685.48,115.22,348.02,1,-1,-1,-1
428,3299,877.68,549.95,41.26,125.83,1,-1,-1,-1
429,3297,387.97,696.35,113.98,344.23,1,-1,-1,-1
429,3299,858.11,551.82,39.82,121.44,1,-1,-1,-1
430,3297,345.00,711.42,108.46,327.56,1,-1,-1,-1
431,3297,301.84,711.47,101.55,306.71,1,-1,-1,-1
432,3297,258.88,717.20,103.65,313.03,1,-1,-1,-1
442,3305,1119.34,667.24,69.68,210.93,1,-1,-1,-1
442,3306,1288.06,599.94,68.64,207.93,1,-1,-1,-1
443,3306,1262.27,599.94,68.64,207.93,1,-1,-1,-1
444,3306,1231.93,599.94,68.64,207.93,1,-1,-1,-1
444,3307,512.02,566.90,41.87,127.61,1,-1,-1,-1
445,3306,1199.67,598.59,72.36,219.18,1,-1,-1,-1
445,3307,488.23,566.90,41.87,127.61,1,-1,-1,-1
446,3306,1171.24,594.53,77.31,234.17,1,-1,-1,-1
446,3307,460.25,566.90,41.87,127.61,1,-1,-1,-1
447,3306,1149.32,596.56,75.47,228.57,1,-1,-1,-1
447,3307,432.92,566.90,41.87,127.61,1,-1,-1,-1
448,3306,1122.11,597.43,74.61,225.96,1,-1,-1,-1
448,3307,400.61,563.03,44.07,134.30,1,-1,-1,-1
449,3306,1091.78,594.29,77.84,235.75,1,-1,-1,-1
449,3307,371.99,565.40,42.73,130.21,1,-1,-1,-1
449,3311,919.40,673.00,79.00,239.00,1,-1,-1,-1
450,3307,342.99,562.64,44.29,134.98,1,-1,-1,-1
450,3311,889.80,685.33,79.00,239.00,1,-1,-1,-1
451,3307,318.05,565.26,42.80,130.44,1,-1,-1,-1
451,3311,862.35,687.86,83.43,252.41,1,-1,-1,-1
452,3307,288.09,562.67,44.28,134.92,1,-1,-1,-1
452,3311,829.32,688.40,84.83,256.62,1,-1,-1,-1
453,3307,259.54,565.29,42.79,130.39,1,-1,-1,-1
453,3311,795.62,684.13,89.55,270.89,1,-1,-1,-1
454,3307,225.35,562.73,44.25,134.83,1,-1,-1,-1
454,3311,756.13,688.91,95.61,289.20,1,-1,-1,-1
455,3311,716.22,690.65,97.80,295.81,1,-1,-1,-1
456,3311,682.81,697.14,94.20,284.90,1,-1,-1,-1
457,3311,640.31,684.22,101.72,307.59,1,-1,-1,-1
458,3311,603.71,697.23,91.77,277.51,1,-1,-1,-1
458,3307,95.52,569.79,44.87,136.70,1,-1,-1,-1
459,3311,558.48,693.26,96.00,290.29,1,-1,-1,-1
459,3307,59.31,570.67,44.91,136.83,1,-1,-1,-1
460,3311,513.49,696.63,102.07,308.60,1,-1,-1,-1
461,3311,475.31,705.88,99.85,301.85,1,-1,-1,-1
462,3311,419.02,719.35,108.40,327.66,1,-1,-1,-1
463,3311,381.05,733.75,106.78,322.72,1,-1,-1,-1
464,3312,1410.26,777.28,148.29,446.86,1,-1,-1,-1
465,3312,1376.13,801.63,140.62,423.74,1,-1,-1,-1
505,3314,1814.98,643.66,59.63,180.89,1,-1,-1,-1
507,3315,1748.30,638.98,63.07,191.33,1,-1,-1,-1
507,3314,1819.41,654.58,59.63,180.89,1,-1,-1,-1
508,3315,1719.84,651.70,60.47,183.43,1,-1,-1,-1
508,3316,599.83,690.44,97.49,294.47,1,-1,-1,-1
509,3315,1682.09,657.24,56.39,171.07,1,-1,-1,-1
510,3315,1642.77,657.36,58.41,177.19,1,-1,-1,-1
511,3315,1603.03,658.79,69.06,209.47,1,-1,-1,-1
512,3315,1573.05,663.19,66.42,201.47,1,-1,-1,-1
512,3321,1651.20,657.28,67.67,205.13,1,-1,-1,-1
513,3315,1536.99,664.70,65.10,197.45,1,-1,-1,-1
514,3315,1505.37,669.03,67.70,205.34,1,-1,-1,-1
515,3315,1471.03,666.70,65.58,198.88,1,-1,-1,-1
516,3315,1436.83,669.48,67.80,205.59,1,-1,-1,-1
517,3315,1397.58,670.43,68.59,207.99,1,-1,-1,-1
517,3326,1544.94,555.98,31.38,95.75,1,-1,-1,-1
518,3315,1365.50,670.69,68.87,208.81,1,-1,-1,-1
518,3314,1820.81,735.77,90.28,273.75,1,-1,-1,-1
519,3315,1337.19,675.44,65.90,199.80,1,-1,-1,-1
519,3314,1798.86,738.80,91.49,277.30,1,-1,-1,-1
520,3315,1299.16,672.31,67.81,205.59,1,-1,-1,-1
520,3314,1765.94,739.64,91.86,278.33,1,-1,-1,-1
521,3315,1271.39,677.99,62.64,189.92,1,-1,-1,-1
521,3314,1732.30,735.70,96.09,291.05,1,-1,-1,-1
522,3315,1236.65,677.88,63.50,192.53,1,-1,-1,-1
522,3314,1704.87,738.05,93.59,283.41,1,-1,-1,-1
523,3314,1670.23,738.72,92.46,279.92,1,-1,-1,-1
524,3314,1632.40,749.72,84.31,255.22,1,-1,-1,-1
525,3314,1594.36,742.39,88.93,269.18,1,-1,-1,-1
526,3314,1565.24,723.03,94.79,286.86,1,-1,-1,-1
526,3315,1092.47,674.19,72.44,219.58,1,-1,-1,-1
527,3314,1534.73,720.31,92.87,281.00,1,-1,-1,-1
527,3339,1261.80,561.00,39.00,119.00,1,-1,-1,-1
527,3340,1156.48,672.78,73.64,222.93,1,-1,-1,-1
527,3315,1068.28,680.55,70.24,212.91,1,-1,-1,-1
528,3314,1504.75,714.10,96.27,291.25,1,-1,-1,-1
528,3340,1124.72,691.79,69.82,211.37,1,-1,-1,-1
528,3315,1032.88,682.95,69.37,210.25,1,-1,-1,-1
529,3314,1468.44,711.74,97.53,295.01,1,-1,-1,-1
529,3340,1091.91,698.08,68.56,207.54,1,-1,-1,-1
529,3315,1002.41,683.80,69.03,209.20,1,-1,-1,-1
530,3314,1442.19,723.55,97.97,296.30,1,-1,-1,-1
530,3315,970.68,686.84,72.15,218.63,1,-1,-1,-1
530,3342,1189.80,561.00,39.00,119.00,1,-1,-1,-1
531,3314,1405.98,732.25,93.83,283.75,1,-1,-1,-1
531,3315,944.49,694.24,70.10,212.42,1,-1,-1,-1
531,3342,1173.77,561.00,39.00,119.00,1,-1,-1,-1
532,3314,1381.12,731.36,96.49,291.76,1,-1,-1,-1
532,3315,908.36,697.08,69.26,209.85,1,-1,-1,-1
532,3342,1149.73,567.22,39.00,119.00,1,-1,-1,-1
533,3314,1346.75,730.99,97.46,294.65,1,-1,-1,-1
533,3315,877.57,707.28,68.93,208.84,1,-1,-1,-1
533,3342,1124.69,569.17,39.00,119.00,1,-1,-1,-1
534,3314,1323.77,734.92,93.52,282.73,1,-1,-1,-1
534,3342,1105.64,569.68,39.00,119.00,1,-1,-1,-1
535,3314,1292.54,724.79,100.97,305.23,1,-1,-1,-1
535,3342,1083.02,569.74,39.00,119.00,1,-1,-1,-1
536,3314,1263.93,728.21,99.16,299.73,1,-1,-1,-1
536,3342,1064.77,569.68,39.00,119.00,1,-1,-1,-1
537,3314,1230.10,722.31,102.97,311.22,1,-1,-1,-1
537,3342,1042.61,569.60,39.00,119.00,1,-1,-1,-1
537,3345,816.02,700.34,89.63,271.00,1,-1,-1,-1
538,3314,1204.32,720.08,104.38,315.45,1,-1,-1,-1
538,3342,1021.98,573.90,40.92,124.84,1,-1,-1,-1
538,3345,783.22,716.15,85.93,259.82,1,-1,-1,-1
539,3314,1181.32,726.38,100.33,303.18,1,-1,-1,-1
539,3342,1001.52,576.45,39.75,121.28,1,-1,-1,-1
539,3345,744.75,721.66,84.64,255.93,1,-1,-1,-1
540,3314,1146.02,721.53,103.33,312.23,1,-1,-1,-1
540,3342,978.61,577.35,39.28,119.84,1,-1,-1,-1
540,3345,708.13,722.90,84.35,255.05,1,-1,-1,-1
540,3315,626.49,721.53,78.36,237.36,1,-1,-1,-1
541,3314,1113.10,723.82,109.33,330.31,1,-1,-1,-1
541,3342,960.21,577.62,39.10,119.29,1,-1,-1,-1
541,3345,672.63,735.51,84.33,254.98,1,-1,-1,-1
542,3314,1080.61,734.21,106.77,322.56,1,-1,-1,-1
542,3342,938.13,577.66,39.03,119.09,1,-1,-1,-1
542,3345,641.53,749.89,80.33,242.89,1,-1,-1,-1
543,3314,1060.61,744.70,101.04,305.24,1,-1,-1,-1
543,3342,920.01,577.62,39.01,119.02,1,-1,-1,-1
543,3345,608.67,742.54,87.38,264.21,1,-1,-1,-1
544,3314,1041.23,761.84,98.79,298.43,1,-1,-1,-1
544,3342,900.93,582.25,40.88,124.72,1,-1,-1,-1
544,3345,573.20,752.35,89.74,271.32,1,-1,-1,-1
545,3314,1014.62,762.56,102.65,310.07,1,-1,-1,-1
545,3342,881.06,579.35,39.73,121.22,1,-1,-1,-1
545,3345,547.11,756.50,86.57,261.74,1,-1,-1,-1
546,3314,986.77,768.10,99.46,300.46,1,-1,-1,-1
546,3342,863.76,578.11,39.27,119.80,1,-1,-1,-1
546,3345,503.44,757.05,89.47,270.49,1,-1,-1,-1
547,3314,960.74,791.27,85.93,259.60,1,-1,-1,-1
547,3342,842.09,577.62,39.09,119.27,1,-1,-1,-1
548,3314,929.06,777.50,93.63,282.87,1,-1,-1,-1
548,3342,823.54,576.40,40.90,124.79,1,-1,-1,-1
548,3345,410.14,745.96,101.26,306.13,1,-1,-1,-1
549,3314,905.34,773.24,96.07,290.22,1,-1,-1,-1
549,3342,805.92,575.93,41.58,126.82,1,-1,-1,-1
549,3345,367.18,748.19,108.66,328.43,1,-1,-1,-1
550,3314,880.17,792.28,84.96,256.69,1,-1,-1,-1
550,3342,783.09,575.73,41.83,127.59,1,-1,-1,-1
550,3345,335.93,757.45,106.70,322.48,1,-1,-1,-1
551,3314,848.01,757.17,98.18,296.63,1,-1,-1,-1
551,3342,763.85,575.65,41.92,127.86,1,-1,-1,-1
551,3345,297.75,766.38,101.22,305.90,1,-1,-1,-1
552,3314,823.08,759.37,102.43,309.44,1,-1,-1,-1
552,3342,746.00,575.60,41.95,127.93,1,-1,-1,-1
552,3345,258.64,769.65,99.02,299.24,1,-1,-1,-1
553,3314,791.50,765.58,99.61,300.92,1,-1,-1,-1
553,3342,728.68,575.58,41.95,127.93,1,-1,-1,-1
553,3345,219.24,783.79,98.18,296.69,1,-1,-1,-1
554,3314,762.08,762.68,103.06,311.33,1,-1,-1,-1
554,3342,711.55,575.56,41.95,127.91,1,-1,-1,-1
554,3345,179.74,788.92,97.85,295.68,1,-1,-1,-1
555,3314,744.24,766.91,99.77,301.38,1,-1,-1,-1
555,3342,694.49,575.55,41.94,127.88,1,-1,-1,-1
556,3314,718.42,763.15,103.08,311.38,1,-1,-1,-1
556,3342,673.16,572.43,43.93,133.93,1,-1,-1,-1
557,3314,695.67,761.76,104.30,315.02,1,-1,-1,-1
557,3342,658.69,574.32,42.71,130.21,1,-1,-1,-1
558,3314,670.31,766.57,100.15,302.50,1,-1,-1,-1
558,3342,636.78,571.95,44.22,134.79,1,-1,-1,-1
559,3314,648.77,768.45,98.49,297.48,1,-1,-1,-1
559,3342,623.08,571.08,44.77,136.46,1,-1,-1,-1
560,3314,615.51,782.24,97.86,295.60,1,-1,-1,-1
560,3342,602.82,571.73,47.10,143.53,1,-1,-1,-1
561,3314,589.26,759.98,107.29,324.05,1,-1,-1,-1
561,3342,587.38,571.02,45.89,139.83,1,-1,-1,-1
562,3314,560.28,755.12,115.89,349.96,1,-1,-1,-1
562,3342,571.19,571.74,47.52,144.77,1,-1,-1,-1
563,3314,534.22,753.21,119.27,360.14,1,-1,-1,-1
563,3342,552.64,576.99,46.02,140.18,1,-1,-1,-1
564,3314,509.35,752.50,120.56,364.01,1,-1,-1,-1
564,3342,538.91,581.78,43.39,132.17,1,-1,-1,-1
565,3314,478.57,763.57,115.79,349.58,1,-1,-1,-1
565,3342,522.45,582.26,46.61,141.98,1,-1,-1,-1
566,3314,452.94,767.99,113.81,343.59,1,-1,-1,-1
566,3342,503.90,582.44,47.76,145.44,1,-1,-1,-1
567,3314,433.70,774.08,118.35,357.28,1,-1,-1,-1
567,3342,487.42,581.07,46.08,140.33,1,-1,-1,-1
568,3314,411.34,776.33,120.02,362.30,1,-1,-1,-1
568,3342,469.75,586.59,45.40,138.24,1,-1,-1,-1
569,3314,385.70,787.51,115.38,348.26,1,-1,-1,-1
569,3342,453.45,583.96,47.30,144.01,1,-1,-1,-1
570,3314,362.06,791.83,113.48,342.52,1,-1,-1,-1
570,3342,434.62,582.64,50.26,153.02,1,-1,-1,-1
571,3314,323.16,798.89,118.11,356.47,1,-1,-1,-1
571,3342,421.05,582.11,51.40,156.45,1,-1,-1,-1
572,3342,402.78,581.89,51.83,157.73,1,-1,-1,-1
573,3342,382.62,581.79,51.97,158.15,1,-1,-1,-1
574,3342,368.60,588.62,52.01,158.24,1,-1,-1,-1
575,3342,354.13,591.10,49.73,151.29,1,-1,-1,-1
576,3342,338.28,592.14,51.14,155.57,1,-1,-1,-1
577,3342,319.09,590.66,54.10,164.54,1,-1,-1,-1
578,3342,305.32,591.89,52.81,160.62,1,-1,-1,-1
579,3342,285.49,590.47,54.73,166.42,1,-1,-1,-1
580,3342,271.11,589.93,55.44,168.55,1,-1,-1,-1
581,3342,251.47,589.69,55.69,169.30,1,-1,-1,-1
582,3342,237.16,589.59,55.77,169.52,1,-1,-1,-1
583,3342,224.90,596.93,55.79,169.54,1,-1,-1,-1
584,3342,207.66,596.14,58.41,177.47,1,-1,-1,-1
585,3342,193.70,595.82,59.39,180.42,1,-1,-1,-1
586,3342,181.03,595.66,59.75,181.50,1,-1,-1,-1
587,3342,168.80,606.49,57.25,173.90,1,-1,-1,-1
588,3342,149.85,610.67,56.24,170.83,1,-1,-1,-1
589,3342,134.28,609.08,58.52,177.73,1,-1,-1,-1
590,3342,120.95,608.46,59.36,180.26,1,-1,-1,-1
590,3347,1770.80,571.29,60.54,183.50,1,-1,-1,-1
591,3342,105.15,602.62,62.48,189.71,1,-1,-1,-1
591,3347,1761.68,570.99,59.86,181.45,1,-1,-1,-1
592,3342,91.15,608.73,63.66,193.26,1,-1,-1,-1
592,3347,1764.06,576.49,56.47,171.19,1,-1,-1,-1
593,3342,77.86,611.12,64.10,194.56,1,-1,-1,-1
593,3347,1769.40,572.62,58.61,177.69,1,-1,-1,-1
594,3342,58.83,604.28,67.25,204.07,1,-1,-1,-1
594,3347,1775.27,576.56,56.37,170.91,1,-1,-1,-1
595,3342,42.99,610.59,68.43,207.64,1,-1,-1,-1
595,3347,1773.02,581.56,58.52,177.41,1,-1,-1,-1
595,3348,326.47,532.87,33.09,100.98,1,-1,-1,-1
596,3342,28.37,613.06,68.87,208.92,1,-1,-1,-1
596,3347,1772.23,583.20,59.25,179.64,1,-1,-1,-1
596,3348,322.04,529.73,37.88,115.59,1,-1,-1,-1
597,3342,22.04,621.09,66.01,200.23,1,-1,-1,-1
597,3347,1775.89,587.98,56.78,172.18,1,-1,-1,-1
597,3348,314.76,528.78,39.34,120.04,1,-1,-1,-1
598,3342,12.42,626.14,67.90,205.94,1,-1,-1,-1
598,3347,1777.22,581.83,55.86,169.40,1,-1,-1,-1
598,3348,312.32,528.58,39.64,120.97,1,-1,-1,-1
599,3342,0.09,628.10,71.81,217.76,1,-1,-1,-1
599,3347,1780.54,576.02,61.24,185.71,1,-1,-1,-1
599,3348,306.04,528.59,39.62,120.91,1,-1,-1,-1
600,3342,-4.33,635.08,67.16,203.65,1,-1,-1,-1
600,3347,1782.99,572.72,60.34,182.97,1,-1,-1,-1
600,3348,304.00,528.64,39.54,120.65,1,-1,-1,-1
601,3347,1783.87,571.40,59.95,181.80,1,-1,-1,-1
601,3348,297.98,528.70,39.46,120.40,1,-1,-1,-1
602,3347,1782.82,572.19,62.66,190.02,1,-1,-1,-1
602,3348,295.95,534.18,39.38,120.17,1,-1,-1,-1
603,3347,1783.98,562.93,66.67,202.16,1,-1,-1,-1
603,3348,292.38,533.26,41.23,125.79,1,-1,-1,-1
604,3347,1791.18,568.81,65.24,197.80,1,-1,-1,-1
604,3348,288.84,535.80,40.04,122.16,1,-1,-1,-1
605,3348,287.69,536.79,39.52,120.58,1,-1,-1,-1
606,3348,282.07,537.13,39.31,119.93,1,-1,-1,-1
607,3348,280.11,537.24,39.21,119.64,1,-1,-1,-1
608,3348,279.52,537.25,39.16,119.49,1,-1,-1,-1
609,3348,279.44,537.24,39.13,119.40,1,-1,-1,-1
610,3348,274.23,531.91,39.11,119.34,1,-1,-1,-1
611,3348,272.37,529.89,39.10,119.29,1,-1,-1,-1
612,3348,271.79,529.14,39.08,119.26,1,-1,-1,-1
613,3348,266.40,528.88,39.07,119.22,1,-1,-1,-1
614,3348,264.46,528.80,39.07,119.20,1,-1,-1,-1
615,3348,263.85,528.78,39.06,119.17,1,-1,-1,-1
615,3347,1845.52,598.06,64.02,194.10,1,-1,-1,-1
616,3348,258.44,528.80,39.05,119.15,1,-1,-1,-1
616,3347,1852.40,600.01,67.18,203.67,1,-1,-1,-1
617,3348,256.50,528.81,39.04,119.13,1,-1,-1,-1
618,3348,250.59,528.83,39.04,119.12,1,-1,-1,-1
619,3348,248.47,528.85,39.03,119.10,1,-1,-1,-1
620,3348,247.79,528.87,39.03,119.09,1,-1,-1,-1
621,3348,242.43,525.60,40.90,124.77,1,-1,-1,-1
622,3348,240.42,527.61,39.76,121.29,1,-1,-1,-1
623,3348,239.81,533.75,39.29,119.88,1,-1,-1,-1
624,3348,239.69,530.74,39.11,119.34,1,-1,-1,-1
625,3348,239.74,534.90,39.05,119.13,1,-1,-1,-1
626,3348,234.24,533.54,40.89,124.75,1,-1,-1,-1
627,3348,237.74,541.08,39.74,121.25,1,-1,-1,-1
628,3348,233.96,544.04,39.28,119.82,1,-1,-1,-1
629,3348,232.62,550.41,39.10,119.29,1,-1,-1,-1
630,3348,231.88,550.59,40.91,124.79,1,-1,-1,-1
631,3348,237.15,552.73,39.74,121.23,1,-1,-1,-1
632,3348,239.34,553.48,39.27,119.80,1,-1,-1,-1
633,3348,240.19,553.70,39.09,119.26,1,-1,-1,-1
634,3348,240.54,553.72,39.03,119.06,1,-1,-1,-1
635,3348,240.69,553.68,39.00,118.99,1,-1,-1,-1
636,3348,240.76,558.91,38.99,118.96,1,-1,-1,-1
637,3348,240.12,555.13,42.87,130.77,1,-1,-1,-1
638,3348,245.64,559.23,40.56,123.72,1,-1,-1,-1
639,3348,247.95,560.84,39.57,120.71,1,-1,-1,-1
640,3348,249.24,559.61,41.09,125.32,1,-1,-1,-1
641,3348,249.70,564.73,41.64,127.01,1,-1,-1,-1
642,3348,254.65,568.04,40.00,122.00,1,-1,-1,-1
647,3348,274.02,567.74,41.69,127.13,1,-1,-1,-1
648,3348,275.69,567.46,41.84,127.60,1,-1,-1,-1
649,3348,277.21,557.91,46.04,140.37,1,-1,-1,-1
650,3348,282.28,563.51,43.60,132.91,1,-1,-1,-1
651,3348,289.90,565.86,42.54,129.69,1,-1,-1,-1
652,3348,294.34,557.08,44.15,134.58,1,-1,-1,-1
682,3350,613.70,611.75,45.64,138.82,1,-1,-1,-1
683,3350,623.25,601.21,45.13,137.27,1,-1,-1,-1
684,3350,630.61,585.07,47.54,144.59,1,-1,-1,-1
693,3352,779.66,567.56,54.77,166.44,1,-1,-1,-1
714,3357,577.00,527.40,39.00,119.00,1,-1,-1,-1
715,3357,577.00,528.63,39.00,119.00,1,-1,-1,-1
716,3357,577.00,535.27,39.00,119.00,1,-1,-1,-1
717,3357,577.00,537.31,39.00,119.00,1,-1,-1,-1
717,3358,1438.16,528.12,22.34,68.91,1,-1,-1,-1
718,3357,582.79,537.82,39.00,119.00,1,-1,-1,-1
718,3358,1442.57,525.52,22.09,68.14,1,-1,-1,-1
719,3357,584.77,537.87,39.00,119.00,1,-1,-1,-1
720,3357,585.40,543.34,39.00,119.00,1,-1,-1,-1
721,3357,584.92,542.61,40.93,124.89,1,-1,-1,-1
722,3357,585.33,544.83,39.76,121.30,1,-1,-1,-1
723,3357,590.84,545.57,39.28,119.84,1,-1,-1,-1
724,3357,592.81,551.15,39.10,119.30,1,-1,-1,-1
724,3362,1304.30,462.29,41.87,127.61,1,-1,-1,-1
725,3357,593.48,553.14,39.03,119.09,1,-1,-1,-1
725,3362,1310.99,464.38,39.69,120.97,1,-1,-1,-1
726,3357,593.66,553.79,39.01,119.02,1,-1,-1,-1
726,3362,1319.94,464.28,41.23,125.66,1,-1,-1,-1
727,3357,593.67,559.27,39.00,118.99,1,-1,-1,-1
727,3362,1324.60,461.60,43.96,133.97,1,-1,-1,-1
728,3357,598.94,561.24,39.00,118.98,1,-1,-1,-1
728,3362,1330.40,463.08,47.15,143.69,1,-1,-1,-1
729,3357,600.87,561.89,39.00,118.98,1,-1,-1,-1
730,3357,601.53,567.34,39.00,118.98,1,-1,-1,-1
730,3363,815.40,528.20,19.00,59.00,1,-1,-1,-1
731,3357,601.71,564.01,39.00,118.99,1,-1,-1,-1
731,3363,819.72,525.73,19.00,59.00,1,-1,-1,-1
732,3357,601.86,560.88,40.87,124.69,1,-1,-1,-1
732,3363,821.16,524.91,19.00,59.00,1,-1,-1,-1
733,3357,601.89,559.68,41.57,126.81,1,-1,-1,-1
733,3363,824.49,524.72,19.00,59.00,1,-1,-1,-1
733,3364,1593.36,706.78,82.44,249.57,1,-1,-1,-1
734,3357,606.92,560.91,39.99,121.99,1,-1,-1,-1
734,3363,828.38,524.71,19.00,59.00,1,-1,-1,-1
735,3357,608.82,561.33,39.36,120.06,1,-1,-1,-1
735,3363,829.60,524.75,19.00,59.00,1,-1,-1,-1
736,3357,608.51,555.71,43.02,131.22,1,-1,-1,-1
736,3363,832.68,522.01,19.00,59.00,1,-1,-1,-1
737,3357,609.31,559.19,40.60,123.85,1,-1,-1,-1
738,3357,610.07,558.80,41.47,126.47,1,-1,-1,-1
739,3357,610.31,558.66,41.78,127.42,1,-1,-1,-1
740,3357,608.89,560.71,43.88,133.81,1,-1,-1,-1
741,3357,608.33,561.47,44.68,136.21,1,-1,-1,-1
742,3357,608.07,561.74,44.97,137.09,1,-1,-1,-1
743,3357,610.66,562.37,47.19,143.84,1,-1,-1,-1
744,3357,608.95,562.06,45.94,140.01,1,-1,-1,-1
744,3363,845.83,527.84,20.34,63.15,1,-1,-1,-1
745,3357,608.21,567.94,45.41,138.37,1,-1,-1,-1
745,3363,846.27,528.24,20.42,63.37,1,-1,-1,-1
746,3357,604.17,564.65,47.34,144.23,1,-1,-1,-1
746,3363,846.42,528.37,20.45,63.45,1,-1,-1,-1
747,3357,606.33,568.80,45.95,139.99,1,-1,-1,-1
747,3363,846.41,528.41,20.46,63.46,1,-1,-1,-1
748,3357,607.19,570.41,45.37,138.22,1,-1,-1,-1
748,3363,846.35,528.42,20.46,63.46,1,-1,-1,-1
749,3357,603.74,565.46,47.30,144.08,1,-1,-1,-1
749,3363,849.09,528.42,20.46,63.45,1,-1,-1,-1
750,3357,602.46,569.99,48.02,146.23,1,-1,-1,-1
750,3363,850.08,528.41,20.45,63.43,1,-1,-1,-1
