1,1,1617.00,553.00,39.00,119.00,1,-1,-1,-1
1,2,264.90,581.58,51.78,157.34,1,-1,-1,-1
1,3,502.44,544.22,33.82,103.47,1,-1,-1,-1
1,4,191.01,571.03,51.78,157.34,1,-1,-1,-1
2,1,1620.90,550.18,41.49,126.47,1,-1,-1,-1
2,2,267.16,580.16,45.85,139.55,1,-1,-1,-1
2,3,501.49,535.21,31.80,97.40,1,-1,-1,-1
2,4,181.85,561.87,51.78,157.34,1,-1,-1,-1
3,1,1630.31,552.16,39.74,121.23,1,-1,-1,-1
3,3,503.63,548.77,29.72,91.15,1,-1,-1,-1
3,4,172.68,573.96,54.73,166.20,1,-1,-1,-1
4,1,1637.77,550.39,41.31,125.92,1,-1,-1,-1
4,3,501.97,548.15,30.90,94.68,1,-1,-1,-1
4,4,161.52,577.92,55.67,169.01,1,-1,-1,-1
5,1,1647.39,563.77,39.72,121.17,1,-1,-1,-1
5,3,496.69,543.08,31.26,95.78,1,-1,-1,-1
5,4,149.83,570.85,55.91,169.73,1,-1,-1,-1
6,1,1656.15,574.28,39.14,119.43,1,-1,-1,-1
6,3,495.35,548.99,33.07,101.21,1,-1,-1,-1
6,4,146.64,578.70,53.25,161.76,1,-1,-1,-1
7,1,1657.89,560.37,45.50,138.50,1,-1,-1,-1
7,3,494.93,546.25,33.70,103.09,1,-1,-1,-1
7,4,137.54,578.91,54.93,166.80,1,-1,-1,-1
8,1,1664.92,568.48,47.64,144.93,1,-1,-1,-1
8,3,494.86,549.86,33.91,103.74,1,-1,-1,-1
8,4,126.89,586.63,55.50,168.51,1,-1,-1,-1
9,1,1672.65,576.74,46.31,140.92,1,-1,-1,-1
9,3,492.62,552.20,30.94,94.83,1,-1,-1,-1
9,4,115.65,581.77,55.69,169.08,1,-1,-1,-1
10,1,1680.67,594.06,43.64,132.92,1,-1,-1,-1
10,3,489.25,548.89,31.29,95.87,1,-1,-1,-1
10,4,104.22,572.22,55.74,169.24,1,-1,-1,-1
10,7,4.20,724.38,41.30,125.89,1,-1,-1,-1
11,1,1690.39,586.04,44.67,136.00,1,-1,-1,-1
11,3,488.12,552.13,31.41,96.23,1,-1,-1,-1
11,4,92.75,583.72,55.75,169.24,1,-1,-1,-1
12,1,1698.24,591.47,43.00,130.98,1,-1,-1,-1
12,3,482.83,547.70,36.50,111.49,1,-1,-1,-1
12,10,185.31,583.04,59.63,180.89,1,-1,-1,-1
13,1,1702.48,591.03,44.39,135.16,1,-1,-1,-1
13,3,481.26,541.26,35.06,107.18,1,-1,-1,-1
13,10,174.10,573.69,59.63,180.89,1,-1,-1,-1
14,1,1709.92,584.76,44.89,136.66,1,-1,-1,-1
14,3,480.77,543.08,34.39,105.17,1,-1,-1,-1
14,10,168.31,571.47,66.64,201.93,1,-1,-1,-1
15,1,1718.55,588.27,45.07,137.19,1,-1,-1,-1
15,3,480.66,543.78,34.12,104.36,1,-1,-1,-1
15,10,159.88,578.61,62.50,189.49,1,-1,-1,-1
15,11,1619.78,592.62,41.87,127.61,1,-1,-1,-1
16,1,1724.93,584.91,47.29,143.86,1,-1,-1,-1
16,3,479.65,545.66,31.03,95.08,1,-1,-1,-1
16,11,1627.73,599.23,41.87,127.61,1,-1,-1,-1
17,1,1733.57,583.60,48.11,146.34,1,-1,-1,-1
17,3,475.68,544.72,32.91,100.72,1,-1,-1,-1
17,11,1632.65,601.29,39.64,120.91,1,-1,-1,-1
17,10,122.61,584.73,63.87,193.62,1,-1,-1,-1
18,1,1743.04,589.43,48.41,147.24,1,-1,-1,-1
18,3,473.28,539.68,36.93,112.80,1,-1,-1,-1
18,12,516.30,544.55,34.32,104.97,1,-1,-1,-1
19,1,1754.18,595.80,46.35,141.05,1,-1,-1,-1
19,3,472.39,537.77,38.45,117.36,1,-1,-1,-1
20,1,1764.24,598.19,45.52,138.55,1,-1,-1,-1
21,1,1773.28,601.31,47.39,144.18,1,-1,-1,-1
21,3,467.97,542.60,35.08,107.23,1,-1,-1,-1
22,1,1782.89,596.01,48.08,146.24,1,-1,-1,-1
22,13,1431.40,529.00,39.00,119.00,1,-1,-1,-1
22,3,464.72,535.85,39.71,121.13,1,-1,-1,-1
23,1,1787.14,593.98,50.64,153.91,1,-1,-1,-1
23,13,1432.63,529.00,39.00,119.00,1,-1,-1,-1
23,3,464.26,536.58,39.31,119.94,1,-1,-1,-1
24,1,1795.32,593.18,51.60,156.80,1,-1,-1,-1
24,13,1433.05,529.00,39.00,119.00,1,-1,-1,-1
24,3,463.53,539.61,41.02,125.06,1,-1,-1,-1
25,1,1809.67,599.07,49.66,150.99,1,-1,-1,-1
25,13,1439.14,535.00,39.00,119.00,1,-1,-1,-1
25,3,458.77,548.37,39.81,121.42,1,-1,-1,-1
26,1,1817.14,601.94,51.20,155.61,1,-1,-1,-1
26,13,1441.46,533.77,41.08,125.24,1,-1,-1,-1
26,3,455.94,549.68,41.21,125.62,1,-1,-1,-1
27,1,1823.57,601.62,54.22,164.68,1,-1,-1,-1
27,13,1447.35,541.84,39.81,121.42,1,-1,-1,-1
27,3,454.92,550.14,41.72,127.17,1,-1,-1,-1
28,1,1833.07,601.47,55.37,168.10,1,-1,-1,-1
28,13,1449.40,539.22,39.29,119.88,1,-1,-1,-1
28,3,454.61,550.27,41.91,127.74,1,-1,-1,-1
29,1,1843.79,608.65,55.79,169.37,1,-1,-1,-1
29,13,1455.50,543.68,39.10,119.31,1,-1,-1,-1
29,3,450.35,552.40,40.10,122.30,1,-1,-1,-1
30,1,1856.60,619.10,53.46,162.39,1,-1,-1,-1
30,13,1457.59,545.23,39.03,119.10,1,-1,-1,-1
31,13,1458.21,551.11,39.01,119.03,1,-1,-1,-1
31,3,440.07,570.94,41.50,126.49,1,-1,-1,-1
32,13,1463.69,558.58,39.00,119.00,1,-1,-1,-1
32,3,439.83,570.60,39.88,121.63,1,-1,-1,-1
33,13,1465.61,550.55,39.00,118.99,1,-1,-1,-1
33,3,439.84,565.01,39.28,119.83,1,-1,-1,-1
34,13,1471.54,547.42,39.00,118.99,1,-1,-1,-1
34,3,438.10,561.10,40.97,124.91,1,-1,-1,-1
35,13,1473.63,546.19,39.00,118.99,1,-1,-1,-1
35,3,434.06,556.17,39.72,121.16,1,-1,-1,-1
36,13,1479.60,545.68,39.00,118.99,1,-1,-1,-1
36,3,432.60,554.18,39.22,119.67,1,-1,-1,-1
36,14,1572.70,524.24,25.77,79.31,1,-1,-1,-1
37,13,1481.72,545.46,39.00,118.99,1,-1,-1,-1
37,3,429.95,545.56,40.95,124.86,1,-1,-1,-1
37,14,1573.41,522.04,26.96,82.87,1,-1,-1,-1
38,13,1484.57,537.13,40.90,124.70,1,-1,-1,-1
38,3,425.95,550.10,39.72,121.15,1,-1,-1,-1
38,14,1570.95,490.45,38.52,117.56,1,-1,-1,-1
38,15,1819.54,622.48,56.38,171.15,1,-1,-1,-1
39,13,1488.61,542.09,39.74,121.22,1,-1,-1,-1
39,3,424.51,546.61,39.23,119.68,1,-1,-1,-1
39,14,1574.35,484.48,40.73,124.15,1,-1,-1,-1
39,15,1830.73,631.96,55.74,169.24,1,-1,-1,-1
40,13,1495.32,538.75,39.27,119.81,1,-1,-1,-1
40,3,424.06,545.32,39.05,119.14,1,-1,-1,-1
40,14,1581.30,483.36,41.13,125.35,1,-1,-1,-1
40,15,1842.41,632.59,58.75,178.24,1,-1,-1,-1
41,13,1503.01,542.82,39.09,119.28,1,-1,-1,-1
41,3,423.98,544.87,38.98,118.95,1,-1,-1,-1
41,15,1847.45,627.65,62.87,190.61,1,-1,-1,-1
42,13,1505.74,544.35,39.03,119.08,1,-1,-1,-1
42,3,421.47,547.88,40.87,124.60,1,-1,-1,-1
43,13,1509.99,542.37,40.90,124.71,1,-1,-1,-1
43,3,417.88,551.11,39.70,121.09,1,-1,-1,-1
43,14,1592.40,499.10,39.86,121.55,1,-1,-1,-1
44,13,1513.37,549.32,39.74,121.20,1,-1,-1,-1
44,3,413.63,550.24,41.14,125.42,1,-1,-1,-1
44,14,1595.84,492.24,41.15,125.44,1,-1,-1,-1
45,13,1518.18,549.89,41.17,125.51,1,-1,-1,-1
45,3,415.01,552.04,39.80,121.39,1,-1,-1,-1
45,14,1599.80,489.05,43.58,132.73,1,-1,-1,-1
46,13,1519.87,550.09,41.70,127.09,1,-1,-1,-1
46,3,410.35,552.75,39.26,119.79,1,-1,-1,-1
46,14,1601.83,504.16,40.60,123.79,1,-1,-1,-1
47,13,1527.16,557.48,40.02,122.04,1,-1,-1,-1
47,3,408.70,553.00,39.07,119.20,1,-1,-1,-1
47,14,1613.23,504.88,39.41,120.22,1,-1,-1,-1
48,13,1535.12,560.31,39.35,120.05,1,-1,-1,-1
48,3,405.73,552.67,42.94,130.83,1,-1,-1,-1
48,14,1622.27,523.88,31.06,95.20,1,-1,-1,-1
49,13,1537.11,559.52,41.02,125.04,1,-1,-1,-1
49,3,406.99,558.05,40.56,123.68,1,-1,-1,-1
49,14,1625.94,531.96,31.01,95.03,1,-1,-1,-1
50,13,1537.75,559.20,41.63,126.87,1,-1,-1,-1
50,3,402.36,554.92,39.55,120.64,1,-1,-1,-1
50,14,1631.60,529.83,30.98,94.93,1,-1,-1,-1
51,13,1543.84,566.01,39.98,121.93,1,-1,-1,-1
51,3,400.72,559.08,39.17,119.51,1,-1,-1,-1
51,14,1634.09,513.60,36.18,110.52,1,-1,-1,-1
52,13,1551.33,568.59,39.33,119.98,1,-1,-1,-1
52,3,396.47,558.82,40.94,124.83,1,-1,-1,-1
52,14,1642.05,526.90,31.77,97.29,1,-1,-1,-1
53,13,1553.88,568.08,41.00,125.00,1,-1,-1,-1
53,3,394.95,558.71,41.60,126.79,1,-1,-1,-1
53,14,1642.82,512.10,36.63,111.85,1,-1,-1,-1
54,13,1560.34,567.86,41.61,126.84,1,-1,-1,-1
54,3,392.88,560.40,39.97,121.90,1,-1,-1,-1
54,14,1649.95,521.58,33.39,102.15,1,-1,-1,-1
55,13,1563.77,564.21,43.86,133.57,1,-1,-1,-1
55,3,388.10,559.23,41.24,125.71,1,-1,-1,-1
55,14,1655.71,530.55,30.53,93.58,1,-1,-1,-1
56,13,1565.04,555.30,49.10,149.31,1,-1,-1,-1
56,3,385.19,560.55,39.82,121.47,1,-1,-1,-1
56,14,1658.78,533.28,31.02,95.05,1,-1,-1,-1
56,16,322.60,553.00,39.00,119.00,1,-1,-1,-1
57,13,1572.11,551.88,51.11,155.33,1,-1,-1,-1
57,3,379.71,559.25,41.18,125.54,1,-1,-1,-1
57,14,1662.59,530.59,29.73,91.19,1,-1,-1,-1
57,16,321.37,553.00,39.00,119.00,1,-1,-1,-1
58,13,1574.84,550.48,51.90,157.69,1,-1,-1,-1
58,3,376.93,555.28,39.80,121.40,1,-1,-1,-1
58,14,1665.32,528.72,30.76,94.27,1,-1,-1,-1
58,16,314.73,553.00,39.00,119.00,1,-1,-1,-1
59,13,1582.48,549.94,52.17,158.51,1,-1,-1,-1
59,3,376.86,551.55,41.17,125.51,1,-1,-1,-1
59,14,1666.87,525.37,32.68,100.04,1,-1,-1,-1
59,16,310.20,550.56,41.15,125.46,1,-1,-1,-1
60,13,1586.80,557.79,49.96,151.89,1,-1,-1,-1
60,3,371.28,550.19,41.67,127.01,1,-1,-1,-1
60,14,1666.64,513.40,38.64,117.92,1,-1,-1,-1
60,16,308.81,549.77,41.85,127.56,1,-1,-1,-1
61,13,1587.08,548.82,53.87,163.63,1,-1,-1,-1
61,3,363.62,549.69,41.86,127.57,1,-1,-1,-1
61,14,1667.26,488.44,44.81,136.45,1,-1,-1,-1
61,16,305.26,551.77,40.08,122.25,1,-1,-1,-1
62,13,1593.60,549.28,52.89,160.67,1,-1,-1,-1
62,3,365.98,551.66,40.04,122.11,1,-1,-1,-1
62,16,304.16,546.97,39.39,120.16,1,-1,-1,-1
63,13,1605.28,551.11,47.98,145.93,1,-1,-1,-1
63,3,361.80,561.76,41.25,125.75,1,-1,-1,-1
63,16,298.38,561.83,39.13,119.39,1,-1,-1,-1
64,13,1607.04,557.35,50.63,153.88,1,-1,-1,-1
64,3,359.20,549.88,43.71,133.11,1,-1,-1,-1
64,16,295.10,549.63,43.09,131.27,1,-1,-1,-1
64,14,1686.96,507.23,40.28,122.85,1,-1,-1,-1
65,13,1608.26,560.76,49.25,149.76,1,-1,-1,-1
65,3,353.88,555.12,42.65,129.94,1,-1,-1,-1
65,16,287.99,551.23,44.50,135.51,1,-1,-1,-1
65,17,404.99,557.26,41.30,125.89,1,-1,-1,-1
65,14,1689.70,505.70,39.26,119.78,1,-1,-1,-1
66,3,352.22,564.29,40.31,122.93,1,-1,-1,-1
66,16,287.35,562.73,41.16,125.48,1,-1,-1,-1
66,17,404.23,564.55,41.73,127.19,1,-1,-1,-1
66,14,1696.00,505.23,38.94,118.80,1,-1,-1,-1
67,3,343.69,550.42,43.41,132.23,1,-1,-1,-1
67,16,283.96,554.28,41.72,127.14,1,-1,-1,-1
67,17,397.39,553.96,41.88,127.65,1,-1,-1,-1
67,14,1698.16,515.73,38.83,118.49,1,-1,-1,-1
67,13,1625.28,576.15,45.95,139.86,1,-1,-1,-1
68,3,337.36,545.20,46.63,141.90,1,-1,-1,-1
68,16,277.13,556.94,41.91,127.72,1,-1,-1,-1
68,17,388.92,559.11,44.21,134.62,1,-1,-1,-1
68,14,1703.12,523.83,33.81,103.43,1,-1,-1,-1
68,13,1627.46,567.34,47.44,144.31,1,-1,-1,-1
69,3,332.42,543.50,45.78,139.33,1,-1,-1,-1
69,17,386.13,558.60,42.81,130.43,1,-1,-1,-1
69,14,1707.33,528.94,33.54,102.63,1,-1,-1,-1
69,13,1628.56,570.21,50.26,152.77,1,-1,-1,-1
70,3,328.30,540.37,49.87,151.60,1,-1,-1,-1
70,17,385.43,558.40,42.24,128.71,1,-1,-1,-1
70,14,1707.11,524.27,37.00,112.98,1,-1,-1,-1
70,13,1634.97,572.04,49.02,149.05,1,-1,-1,-1
71,3,325.38,541.34,49.14,149.42,1,-1,-1,-1
71,17,379.07,554.21,44.16,134.47,1,-1,-1,-1
71,14,1707.03,522.64,38.20,116.60,1,-1,-1,-1
71,13,1638.03,571.87,50.86,154.58,1,-1,-1,-1
72,3,322.23,548.11,46.65,141.95,1,-1,-1,-1
72,17,377.23,556.71,42.77,130.32,1,-1,-1,-1
72,14,1706.83,516.70,38.69,118.07,1,-1,-1,-1
72,13,1641.87,568.95,54.01,164.02,1,-1,-1,-1
73,3,316.91,544.37,47.84,145.52,1,-1,-1,-1
73,17,370.94,557.72,42.21,128.63,1,-1,-1,-1
73,14,1706.61,519.61,38.88,118.65,1,-1,-1,-1
73,13,1643.23,567.81,55.20,167.61,1,-1,-1,-1
74,3,309.15,540.84,50.57,153.70,1,-1,-1,-1
74,17,368.80,558.10,42.00,128.00,1,-1,-1,-1
74,14,1711.68,520.71,38.96,118.87,1,-1,-1,-1
74,13,1647.59,570.12,53.20,161.61,1,-1,-1,-1
75,3,304.44,547.86,47.22,143.64,1,-1,-1,-1
75,17,361.25,554.25,43.99,133.97,1,-1,-1,-1
75,14,1713.50,521.11,38.99,118.96,1,-1,-1,-1
75,13,1654.37,578.32,50.04,152.13,1,-1,-1,-1
76,3,297.65,544.32,48.00,146.01,1,-1,-1,-1
76,17,356.06,552.95,46.88,142.65,1,-1,-1,-1
76,14,1714.88,527.36,35.59,108.76,1,-1,-1,-1
76,13,1658.46,581.03,51.21,155.63,1,-1,-1,-1
77,3,288.41,540.86,50.60,153.80,1,-1,-1,-1
77,17,350.73,552.36,45.85,139.55,1,-1,-1,-1
77,14,1714.40,523.39,37.81,115.42,1,-1,-1,-1
77,13,1659.86,581.97,51.63,156.88,1,-1,-1,-1
78,3,284.95,547.96,47.17,143.51,1,-1,-1,-1
78,17,342.79,552.16,45.40,138.19,1,-1,-1,-1
78,14,1714.25,522.03,38.57,117.70,1,-1,-1,-1
78,13,1664.96,582.61,49.46,150.37,1,-1,-1,-1
79,3,277.83,544.40,47.95,145.86,1,-1,-1,-1
79,17,339.97,552.11,45.21,137.63,1,-1,-1,-1
79,13,1668.98,582.41,50.98,154.95,1,-1,-1,-1
80,3,275.35,543.12,48.23,146.69,1,-1,-1,-1
80,17,333.02,552.11,45.13,137.39,1,-1,-1,-1
80,13,1670.36,582.31,51.54,156.61,1,-1,-1,-1
81,3,268.51,549.02,46.16,140.47,1,-1,-1,-1
81,17,324.51,552.13,45.09,137.26,1,-1,-1,-1
81,13,1670.72,582.23,51.74,157.23,1,-1,-1,-1
82,3,259.15,551.43,47.56,144.67,1,-1,-1,-1
82,13,1674.98,579.79,54.31,164.94,1,-1,-1,-1
83,3,255.86,552.31,48.06,146.19,1,-1,-1,-1
83,13,1676.51,578.86,55.27,167.81,1,-1,-1,-1
83,18,131.00,552.52,47.59,144.76,1,-1,-1,-1
84,3,249.60,552.51,46.08,140.25,1,-1,-1,-1
84,13,1676.96,578.47,55.63,168.89,1,-1,-1,-1
84,18,129.95,556.91,43.26,131.78,1,-1,-1,-1
85,3,239.61,552.68,47.52,144.56,1,-1,-1,-1
85,13,1676.35,581.59,58.40,177.20,1,-1,-1,-1
85,18,122.18,561.05,44.26,134.76,1,-1,-1,-1
86,3,233.37,551.01,50.36,153.07,1,-1,-1,-1
86,13,1683.96,579.52,56.83,172.48,1,-1,-1,-1
86,18,113.16,562.14,44.58,135.74,1,-1,-1,-1
86,17,293.04,565.54,42.17,128.51,1,-1,-1,-1
87,3,227.48,552.06,49.15,149.44,1,-1,-1,-1
87,13,1686.71,581.97,58.83,178.50,1,-1,-1,-1
87,18,108.98,555.83,47.12,143.35,1,-1,-1,-1
87,17,286.31,563.06,44.06,134.17,1,-1,-1,-1
88,3,221.53,558.42,46.46,141.38,1,-1,-1,-1
88,13,1687.81,586.93,56.94,172.82,1,-1,-1,-1
88,18,102.71,559.82,45.72,139.16,1,-1,-1,-1
88,17,278.00,562.34,44.63,135.88,1,-1,-1,-1
88,20,1674.34,529.09,84.11,254.34,1,-1,-1,-1
89,3,216.98,561.39,47.65,144.94,1,-1,-1,-1
89,13,1687.93,592.73,58.85,178.54,1,-1,-1,-1
89,18,94.30,561.31,45.17,137.52,1,-1,-1,-1
89,17,268.64,562.59,47.02,143.05,1,-1,-1,-1
90,3,215.45,562.44,48.07,146.21,1,-1,-1,-1
90,13,1690.52,588.78,62.37,189.10,1,-1,-1,-1
90,18,85.22,568.12,44.98,136.94,1,-1,-1,-1
90,17,265.63,568.08,45.78,139.33,1,-1,-1,-1
90,21,424.74,555.60,40.19,122.57,1,-1,-1,-1
91,3,208.61,562.80,48.23,146.69,1,-1,-1,-1
91,13,1688.89,593.21,60.92,184.75,1,-1,-1,-1
91,18,75.93,570.53,44.92,136.75,1,-1,-1,-1
91,17,257.91,571.21,47.46,144.37,1,-1,-1,-1
91,21,418.56,559.91,39.24,119.72,1,-1,-1,-1
92,3,199.73,569.38,48.28,146.85,1,-1,-1,-1
92,18,69.70,572.35,47.13,143.38,1,-1,-1,-1
92,17,248.78,572.35,48.07,146.22,1,-1,-1,-1
92,21,407.37,554.31,43.72,133.14,1,-1,-1,-1
92,20,1681.34,549.29,84.73,256.19,1,-1,-1,-1
93,3,190.08,571.83,48.30,146.90,1,-1,-1,-1
93,18,61.10,572.96,47.93,145.80,1,-1,-1,-1
93,17,240.73,577.75,46.15,140.44,1,-1,-1,-1
93,21,403.10,563.02,42.86,130.55,1,-1,-1,-1
93,20,1676.01,552.75,89.28,269.86,1,-1,-1,-1
93,13,1691.21,598.35,63.43,192.28,1,-1,-1,-1
94,3,180.16,572.70,48.30,146.91,1,-1,-1,-1
94,18,49.42,578.18,46.06,140.18,1,-1,-1,-1
94,17,237.96,579.78,45.38,138.13,1,-1,-1,-1
94,21,395.93,566.34,42.39,129.15,1,-1,-1,-1
94,20,1674.33,553.85,90.72,274.17,1,-1,-1,-1
94,13,1696.89,605.09,60.96,184.89,1,-1,-1,-1
95,3,176.64,572.96,48.30,146.90,1,-1,-1,-1
95,17,225.69,574.55,49.64,150.91,1,-1,-1,-1
95,21,392.05,574.52,40.16,122.46,1,-1,-1,-1
95,20,1674.98,554.16,95.67,289.00,1,-1,-1,-1
95,13,1700.04,602.59,66.06,200.19,1,-1,-1,-1
96,3,163.07,572.19,50.63,153.88,1,-1,-1,-1
96,17,218.06,579.72,48.92,148.76,1,-1,-1,-1
96,21,385.40,577.28,39.33,119.98,1,-1,-1,-1
96,20,1686.10,554.06,93.12,281.35,1,-1,-1,-1
96,13,1703.22,609.30,64.90,196.69,1,-1,-1,-1
97,3,158.14,571.88,51.49,156.47,1,-1,-1,-1
97,17,215.40,581.77,48.60,147.80,1,-1,-1,-1
97,21,369.70,561.07,45.49,138.45,1,-1,-1,-1
97,20,1690.48,553.81,92.00,278.00,1,-1,-1,-1
97,13,1704.34,611.87,64.40,195.19,1,-1,-1,-1
98,3,149.15,577.50,47.37,144.09,1,-1,-1,-1
98,17,208.17,582.49,48.46,147.39,1,-1,-1,-1
98,21,366.53,571.27,41.66,126.95,1,-1,-1,-1
98,13,1713.22,612.75,64.20,194.60,1,-1,-1,-1
98,22,1690.60,538.97,37.50,114.49,1,-1,-1,-1
99,3,139.91,581.11,47.94,145.82,1,-1,-1,-1
99,17,199.19,582.71,48.40,147.21,1,-1,-1,-1
99,21,360.63,574.57,41.89,127.65,1,-1,-1,-1
99,13,1716.48,612.98,64.12,194.35,1,-1,-1,-1
99,22,1689.44,543.36,38.59,117.77,1,-1,-1,-1
100,3,130.23,582.37,48.14,146.43,1,-1,-1,-1
100,17,191.45,582.40,50.70,154.10,1,-1,-1,-1
100,21,343.75,558.60,48.60,147.79,1,-1,-1,-1
100,13,1716.07,614.34,67.15,203.45,1,-1,-1,-1
100,22,1688.99,545.05,39.01,119.03,1,-1,-1,-1
101,3,120.35,582.77,48.22,146.66,1,-1,-1,-1
101,17,181.87,582.26,51.55,156.65,1,-1,-1,-1
101,21,340.85,568.93,44.79,136.36,1,-1,-1,-1
101,13,1715.86,614.80,68.28,206.83,1,-1,-1,-1
101,22,1688.87,545.49,39.12,119.37,1,-1,-1,-1
102,3,117.76,587.51,46.07,140.20,1,-1,-1,-1
102,17,171.55,582.16,51.87,157.60,1,-1,-1,-1
102,21,334.69,573.48,43.02,131.06,1,-1,-1,-1
102,13,1718.00,614.37,71.95,217.85,1,-1,-1,-1
102,22,1683.17,545.55,39.14,119.41,1,-1,-1,-1
103,3,109.71,584.49,47.46,144.39,1,-1,-1,-1
103,17,166.90,582.42,49.66,150.99,1,-1,-1,-1
103,21,326.97,575.13,42.35,129.05,1,-1,-1,-1
103,13,1725.43,614.68,70.13,212.40,1,-1,-1,-1
103,22,1681.19,545.51,39.13,119.38,1,-1,-1,-1
104,3,100.47,583.38,47.97,145.91,1,-1,-1,-1
104,17,158.94,582.47,48.78,148.35,1,-1,-1,-1
104,21,318.66,575.70,42.10,128.28,1,-1,-1,-1
104,13,1728.26,614.70,69.36,210.06,1,-1,-1,-1
104,22,1680.55,545.44,39.11,119.33,1,-1,-1,-1
104,23,1542.20,514.74,31.05,95.16,1,-1,-1,-1
104,24,380.00,574.53,42.49,129.46,1,-1,-1,-1
105,3,87.99,582.56,50.49,153.47,1,-1,-1,-1
105,21,312.37,582.22,40.08,122.24,1,-1,-1,-1
105,13,1732.19,614.12,72.33,219.00,1,-1,-1,-1
105,22,1680.38,545.37,39.09,119.28,1,-1,-1,-1
105,23,1541.29,514.44,31.38,96.15,1,-1,-1,-1
105,24,368.56,565.01,47.01,143.01,1,-1,-1,-1
106,3,76.65,582.23,51.43,156.30,1,-1,-1,-1
106,21,302.34,578.18,41.26,125.77,1,-1,-1,-1
106,13,1730.69,623.40,70.20,212.60,1,-1,-1,-1
106,22,1674.99,545.32,39.08,119.24,1,-1,-1,-1
106,23,1536.30,515.87,29.83,91.49,1,-1,-1,-1
106,24,360.34,568.11,46.04,140.09,1,-1,-1,-1
107,3,72.55,575.20,51.79,157.37,1,-1,-1,-1
107,13,1732.90,617.27,72.62,219.86,1,-1,-1,-1
107,22,1673.04,545.27,39.07,119.20,1,-1,-1,-1
107,23,1534.04,515.90,27.77,85.31,1,-1,-1,-1
107,24,351.11,569.67,45.47,138.39,1,-1,-1,-1
108,3,59.98,569.62,54.39,165.17,1,-1,-1,-1
108,13,1739.77,624.53,70.26,212.78,1,-1,-1,-1
108,22,1666.64,536.94,40.98,124.93,1,-1,-1,-1
108,24,340.16,555.17,50.18,152.54,1,-1,-1,-1
109,3,52.97,570.31,52.93,160.77,1,-1,-1,-1
109,13,1742.32,627.31,69.30,209.89,1,-1,-1,-1
109,22,1664.72,541.97,39.80,121.41,1,-1,-1,-1
109,24,330.03,546.38,54.30,164.91,1,-1,-1,-1
110,3,43.70,570.62,52.31,158.92,1,-1,-1,-1
110,13,1745.09,626.43,75.80,229.38,1,-1,-1,-1
110,22,1664.11,543.99,39.32,119.96,1,-1,-1,-1
110,24,322.23,560.61,48.89,148.65,1,-1,-1,-1
110,26,194.04,584.81,39.57,120.72,1,-1,-1,-1
110,21,267.32,583.82,41.81,127.42,1,-1,-1,-1
111,3,33.56,570.75,52.06,158.18,1,-1,-1,-1
111,13,1746.09,626.10,78.16,236.48,1,-1,-1,-1
111,24,315.43,561.23,48.72,148.15,1,-1,-1,-1
111,26,183.13,589.41,37.02,113.06,1,-1,-1,-1
111,21,258.53,584.34,41.87,127.60,1,-1,-1,-1
112,3,24.08,575.41,54.45,165.37,1,-1,-1,-1
112,13,1746.36,625.90,79.07,239.20,1,-1,-1,-1
112,24,306.61,568.13,48.64,147.92,1,-1,-1,-1
112,26,175.64,592.72,34.19,104.59,1,-1,-1,-1
112,21,249.88,584.51,41.89,127.66,1,-1,-1,-1
113,3,12.91,579.47,52.89,160.67,1,-1,-1,-1
113,13,1746.36,625.76,79.38,240.15,1,-1,-1,-1
113,26,166.08,591.65,35.50,108.48,1,-1,-1,-1
113,21,241.27,584.54,41.89,127.68,1,-1,-1,-1
114,3,8.52,581.41,49.90,151.71,1,-1,-1,-1
114,13,1746.26,625.66,79.47,240.40,1,-1,-1,-1
114,26,154.55,593.01,37.84,115.51,1,-1,-1,-1
114,21,232.99,590.43,40.00,121.99,1,-1,-1,-1
114,17,65.00,581.86,51.69,157.07,1,-1,-1,-1
115,3,0.69,581.76,51.14,155.43,1,-1,-1,-1
115,13,1746.14,625.58,79.46,240.39,1,-1,-1,-1
115,26,143.82,596.98,36.81,112.41,1,-1,-1,-1
115,21,224.90,592.63,39.27,119.81,1,-1,-1,-1
115,17,51.66,574.50,57.14,173.42,1,-1,-1,-1
116,3,-1.98,588.70,49.26,149.78,1,-1,-1,-1
116,13,1749.36,621.16,83.19,251.56,1,-1,-1,-1
116,26,135.21,598.37,36.41,111.24,1,-1,-1,-1
116,21,210.03,593.13,40.94,124.81,1,-1,-1,-1
116,17,44.86,576.54,56.39,171.18,1,-1,-1,-1
116,24,268.22,578.82,45.40,138.19,1,-1,-1,-1
117,13,1757.55,634.06,80.88,244.63,1,-1,-1,-1
117,26,122.65,595.23,38.13,116.39,1,-1,-1,-1
117,21,199.16,593.28,41.55,126.63,1,-1,-1,-1
117,17,35.26,577.40,56.05,170.15,1,-1,-1,-1
117,24,255.84,573.69,49.84,151.52,1,-1,-1,-1
118,13,1760.70,639.17,79.90,241.68,1,-1,-1,-1
118,26,113.05,594.07,38.75,118.24,1,-1,-1,-1
118,21,189.73,593.28,41.78,127.34,1,-1,-1,-1
118,17,18.22,574.36,61.40,186.20,1,-1,-1,-1
118,24,248.29,578.01,46.72,142.16,1,-1,-1,-1
119,13,1761.79,641.04,79.50,240.50,1,-1,-1,-1
119,26,115.19,599.04,40.89,124.66,1,-1,-1,-1
119,17,11.38,579.69,60.63,183.89,1,-1,-1,-1
119,24,235.21,573.66,50.08,152.23,1,-1,-1,-1
120,13,1762.11,641.68,79.33,239.99,1,-1,-1,-1
120,26,109.87,599.01,43.69,133.06,1,-1,-1,-1
120,24,226.92,579.31,48.97,148.90,1,-1,-1,-1
121,13,1762.14,641.84,79.25,239.75,1,-1,-1,-1
121,26,102.13,598.96,44.75,136.26,1,-1,-1,-1
121,24,213.97,581.17,50.86,154.58,1,-1,-1,-1
122,13,1766.22,638.21,82.99,250.97,1,-1,-1,-1
122,26,93.45,598.89,45.15,137.44,1,-1,-1,-1
122,24,202.51,581.84,51.55,156.66,1,-1,-1,-1
123,13,1767.70,636.82,84.38,255.14,1,-1,-1,-1
123,26,80.80,606.27,43.27,131.81,1,-1,-1,-1
123,24,191.57,582.05,51.81,157.44,1,-1,-1,-1
123,27,267.07,566.86,39.57,120.72,1,-1,-1,-1
124,13,1779.32,647.39,84.89,256.68,1,-1,-1,-1
124,26,70.59,609.10,42.50,129.49,1,-1,-1,-1
124,24,180.84,582.09,51.90,157.70,1,-1,-1,-1
124,27,260.13,566.89,41.38,126.13,1,-1,-1,-1
125,13,1783.33,645.97,89.08,269.24,1,-1,-1,-1
125,26,58.16,608.61,44.23,134.70,1,-1,-1,-1
125,24,170.20,582.07,51.92,157.76,1,-1,-1,-1
125,27,250.92,562.81,44.32,134.94,1,-1,-1,-1
126,13,1784.77,645.40,90.64,273.93,1,-1,-1,-1
126,26,47.76,608.39,44.87,136.60,1,-1,-1,-1
126,24,159.59,582.02,51.92,157.75,1,-1,-1,-1
126,27,241.41,561.46,45.24,137.72,1,-1,-1,-1
127,13,1797.12,645.12,91.21,275.65,1,-1,-1,-1
127,26,33.39,610.95,47.24,143.73,1,-1,-1,-1
127,24,148.97,588.80,49.58,150.75,1,-1,-1,-1
127,27,233.13,564.84,43.30,131.89,1,-1,-1,-1
128,13,1801.41,650.40,87.39,264.17,1,-1,-1,-1
128,26,21.80,611.90,48.14,146.41,1,-1,-1,-1
128,24,137.41,589.59,53.58,162.75,1,-1,-1,-1
128,27,224.53,566.18,42.49,129.45,1,-1,-1,-1
129,13,1797.49,651.34,94.31,284.91,1,-1,-1,-1
129,26,10.83,615.48,46.33,140.98,1,-1,-1,-1
129,24,126.01,589.88,55.01,167.03,1,-1,-1,-1
129,27,215.89,572.63,42.18,128.52,1,-1,-1,-1
130,13,1801.64,659.09,92.59,279.76,1,-1,-1,-1
130,26,0.97,617.90,43.54,132.62,1,-1,-1,-1
130,24,117.90,598.02,50.81,154.43,1,-1,-1,-1
130,27,207.24,574.93,42.05,128.14,1,-1,-1,-1
131,13,1803.12,662.14,91.82,277.45,1,-1,-1,-1
131,24,104.39,592.76,54.04,164.11,1,-1,-1,-1
131,27,195.73,572.51,44.08,134.24,1,-1,-1,-1
131,29,1729.00,561.00,39.00,119.00,1,-1,-1,-1
132,13,1810.80,655.59,95.82,289.46,1,-1,-1,-1
132,24,92.31,598.25,55.17,167.50,1,-1,-1,-1
132,27,188.86,574.72,42.78,130.34,1,-1,-1,-1
132,29,1722.83,561.00,39.00,119.00,1,-1,-1,-1
133,13,1818.32,660.60,93.04,281.13,1,-1,-1,-1
133,24,84.09,601.69,53.13,161.39,1,-1,-1,-1
133,27,180.94,575.53,42.25,128.73,1,-1,-1,-1
133,29,1720.77,561.00,39.00,119.00,1,-1,-1,-1
134,13,1821.10,662.52,91.88,277.63,1,-1,-1,-1
134,24,70.46,601.58,54.82,166.47,1,-1,-1,-1
134,27,172.59,581.55,42.04,128.11,1,-1,-1,-1
134,29,1720.31,561.00,39.00,119.00,1,-1,-1,-1
135,13,1822.00,663.17,91.41,276.24,1,-1,-1,-1
135,24,55.82,609.73,52.97,160.90,1,-1,-1,-1
135,27,164.08,583.74,41.96,127.86,1,-1,-1,-1
135,29,1714.49,561.00,39.00,119.00,1,-1,-1,-1
136,13,1830.39,668.70,95.57,288.72,1,-1,-1,-1
136,24,45.70,611.96,54.75,166.24,1,-1,-1,-1
136,27,155.52,584.49,41.92,127.76,1,-1,-1,-1
136,29,1712.59,561.00,39.00,119.00,1,-1,-1,-1
137,24,34.82,612.73,55.39,168.18,1,-1,-1,-1
137,27,146.93,584.71,41.91,127.72,1,-1,-1,-1
137,29,1712.05,561.00,39.00,119.00,1,-1,-1,-1
138,24,16.79,609.90,58.28,176.86,1,-1,-1,-1
138,29,1711.98,561.00,39.00,119.00,1,-1,-1,-1
139,24,2.42,611.77,56.76,172.27,1,-1,-1,-1
139,29,1706.62,561.00,39.00,119.00,1,-1,-1,-1
140,29,1704.73,561.00,39.00,119.00,1,-1,-1,-1
141,29,1704.13,555.63,39.00,119.00,1,-1,-1,-1
141,30,1561.00,545.00,39.00,119.00,1,-1,-1,-1
142,29,1704.01,553.64,39.00,119.00,1,-1,-1,-1
142,30,1561.00,545.00,39.00,119.00,1,-1,-1,-1
143,29,1702.64,563.11,37.21,113.64,1,-1,-1,-1
143,30,1554.78,545.00,39.00,119.00,1,-1,-1,-1
144,29,1698.23,561.81,38.35,117.06,1,-1,-1,-1
144,30,1552.83,545.00,39.00,119.00,1,-1,-1,-1
145,29,1696.69,561.34,38.76,118.29,1,-1,-1,-1
145,30,1546.09,542.23,41.08,125.24,1,-1,-1,-1
146,29,1696.20,561.15,38.92,118.77,1,-1,-1,-1
146,30,1544.28,543.92,39.81,121.42,1,-1,-1,-1
147,29,1696.09,566.37,38.98,118.95,1,-1,-1,-1
147,30,1537.45,547.91,41.29,125.87,1,-1,-1,-1
148,29,1690.83,563.04,39.00,119.01,1,-1,-1,-1
148,30,1535.92,551.51,39.88,121.64,1,-1,-1,-1
149,29,1688.19,566.58,37.24,113.72,1,-1,-1,-1
149,30,1530.12,547.38,39.32,119.95,1,-1,-1,-1
150,29,1682.65,563.01,38.37,117.11,1,-1,-1,-1
150,30,1528.15,551.27,39.11,119.32,1,-1,-1,-1
151,30,1522.19,552.68,39.03,119.09,1,-1,-1,-1
152,30,1512.82,545.25,40.93,124.78,1,-1,-1,-1
153,30,1506.13,545.01,39.74,121.23,1,-1,-1,-1
154,30,1501.44,542.36,41.19,125.55,1,-1,-1,-1
155,30,1496.88,543.91,39.83,121.49,1,-1,-1,-1
156,30,1490.03,544.55,39.29,119.87,1,-1,-1,-1
157,30,1482.34,544.79,39.09,119.26,1,-1,-1,-1
158,30,1476.21,542.34,40.92,124.77,1,-1,-1,-1
159,30,1472.23,538.72,39.73,121.19,1,-1,-1,-1
160,30,1465.66,542.65,39.25,119.76,1,-1,-1,-1
161,30,1463.41,538.81,39.07,119.22,1,-1,-1,-1
162,30,1458.52,540.16,40.91,124.74,1,-1,-1,-1
163,30,1455.78,543.17,39.73,121.18,1,-1,-1,-1
164,30,1449.67,544.37,39.25,119.75,1,-1,-1,-1
165,30,1442.25,544.82,39.07,119.22,1,-1,-1,-1
166,30,1439.67,544.99,39.01,119.02,1,-1,-1,-1
167,30,1433.59,539.74,38.98,118.95,1,-1,-1,-1
168,30,1426.20,537.77,38.98,118.93,1,-1,-1,-1
169,30,1423.61,537.04,38.98,118.93,1,-1,-1,-1
170,30,1416.68,533.88,40.88,124.64,1,-1,-1,-1
171,30,1414.21,532.72,41.59,126.75,1,-1,-1,-1
172,30,1407.93,532.31,41.85,127.56,1,-1,-1,-1
173,30,1405.70,532.19,41.95,127.84,1,-1,-1,-1
174,30,1406.22,535.06,40.09,122.27,1,-1,-1,-1
175,30,1399.19,534.21,43.34,132.02,1,-1,-1,-1
176,30,1398.73,540.96,40.69,124.05,1,-1,-1,-1
177,30,1398.89,543.75,39.57,120.72,1,-1,-1,-1
178,30,1393.74,544.76,39.17,119.49,1,-1,-1,-1
179,30,1389.97,542.56,40.93,124.79,1,-1,-1,-1
180,30,1385.40,544.25,39.71,121.12,1,-1,-1,-1
181,30,1383.84,544.89,39.22,119.67,1,-1,-1,-1
182,30,1379.67,537.79,43.01,131.01,1,-1,-1,-1
183,30,1376.63,542.25,40.57,123.71,1,-1,-1,-1
184,30,1372.93,541.56,41.46,126.38,1,-1,-1,-1
185,30,1371.66,535.69,41.78,127.34,1,-1,-1,-1
186,30,1368.75,541.59,40.01,122.04,1,-1,-1,-1
187,30,1368.62,536.53,43.31,131.91,1,-1,-1,-1
187,32,1617.00,554.60,39.00,119.00,1,-1,-1,-1
188,30,1364.78,539.33,42.50,129.51,1,-1,-1,-1
188,32,1617.00,553.37,39.00,119.00,1,-1,-1,-1
189,30,1363.42,540.49,42.16,128.48,1,-1,-1,-1
189,32,1617.00,552.95,39.00,119.00,1,-1,-1,-1
190,30,1357.34,540.93,42.02,128.07,1,-1,-1,-1
190,32,1613.92,550.42,41.15,125.46,1,-1,-1,-1
191,30,1355.16,541.10,41.97,127.89,1,-1,-1,-1
191,32,1615.81,551.91,39.83,121.49,1,-1,-1,-1
192,30,1352.68,543.69,40.05,122.13,1,-1,-1,-1
192,32,1613.67,550.23,41.33,125.99,1,-1,-1,-1
193,30,1353.71,542.10,41.24,125.70,1,-1,-1,-1
193,32,1615.73,551.88,39.89,121.67,1,-1,-1,-1
194,30,1352.36,544.04,39.78,121.33,1,-1,-1,-1
194,32,1616.55,552.55,39.32,119.95,1,-1,-1,-1
195,30,1348.03,542.22,41.14,125.41,1,-1,-1,-1
195,32,1622.31,552.80,39.11,119.32,1,-1,-1,-1
196,30,1346.50,541.55,41.63,126.89,1,-1,-1,-1
196,32,1618.99,552.90,39.03,119.09,1,-1,-1,-1
197,30,1346.03,541.30,41.82,127.46,1,-1,-1,-1
197,32,1623.12,552.94,39.00,119.00,1,-1,-1,-1
198,30,1343.05,536.48,43.91,133.74,1,-1,-1,-1
198,32,1624.64,552.96,38.99,118.97,1,-1,-1,-1
199,30,1341.98,534.68,44.69,136.08,1,-1,-1,-1
199,32,1625.17,552.97,38.99,118.97,1,-1,-1,-1
200,30,1341.66,534.00,44.99,136.96,1,-1,-1,-1
200,32,1628.73,550.81,40.90,124.70,1,-1,-1,-1
201,30,1338.95,538.44,43.08,131.23,1,-1,-1,-1
201,32,1630.03,550.01,41.61,126.82,1,-1,-1,-1
202,30,1340.74,535.42,44.37,135.10,1,-1,-1,-1
202,32,1632.38,551.84,40.00,121.98,1,-1,-1,-1
203,30,1338.75,539.01,42.83,130.47,1,-1,-1,-1
203,32,1631.29,550.40,41.27,125.81,1,-1,-1,-1
204,30,1338.07,540.43,42.21,128.63,1,-1,-1,-1
204,32,1635.19,545.59,43.75,133.23,1,-1,-1,-1
205,30,1337.88,540.96,41.98,127.94,1,-1,-1,-1
205,32,1637.93,547.99,42.70,130.10,1,-1,-1,-1
206,30,1336.81,543.70,39.99,121.97,1,-1,-1,-1
206,32,1640.46,551.14,40.36,123.08,1,-1,-1,-1
207,30,1334.11,543.50,43.26,131.77,1,-1,-1,-1
207,32,1645.52,550.18,41.38,126.15,1,-1,-1,-1
208,30,1330.90,547.68,42.42,129.25,1,-1,-1,-1
208,32,1648.49,557.23,39.87,121.59,1,-1,-1,-1
209,30,1330.11,538.12,46.30,140.89,1,-1,-1,-1
209,32,1647.45,554.19,43.25,131.75,1,-1,-1,-1
210,30,1329.83,534.63,47.71,145.14,1,-1,-1,-1
210,32,1652.98,553.10,44.47,135.39,1,-1,-1,-1
211,30,1331.66,539.91,46.13,140.40,1,-1,-1,-1
211,32,1655.56,556.51,42.94,130.82,1,-1,-1,-1
212,30,1332.47,542.04,45.48,138.42,1,-1,-1,-1
212,32,1662.15,557.85,42.31,128.93,1,-1,-1,-1
212,33,879.85,532.60,20.43,63.31,1,-1,-1,-1
213,30,1332.81,542.85,45.22,137.64,1,-1,-1,-1
213,32,1664.53,558.33,42.07,128.21,1,-1,-1,-1
213,33,878.89,530.13,21.62,66.86,1,-1,-1,-1
214,30,1332.98,543.14,45.11,137.32,1,-1,-1,-1
214,32,1671.02,558.49,41.97,127.92,1,-1,-1,-1
215,30,1333.07,543.25,45.06,137.18,1,-1,-1,-1
215,32,1673.69,554.61,43.97,133.90,1,-1,-1,-1
216,30,1333.13,549.34,45.04,137.11,1,-1,-1,-1
216,32,1680.59,553.16,44.71,136.12,1,-1,-1,-1
217,30,1336.55,555.55,42.99,130.97,1,-1,-1,-1
217,32,1683.15,552.59,44.98,136.95,1,-1,-1,-1
218,30,1337.88,557.88,42.20,128.60,1,-1,-1,-1
218,32,1690.02,552.38,45.08,137.23,1,-1,-1,-1
219,30,1341.12,554.70,43.98,133.94,1,-1,-1,-1
220,30,1342.30,553.52,44.63,135.88,1,-1,-1,-1
221,30,1341.29,546.67,47.04,143.13,1,-1,-1,-1
222,30,1345.16,548.62,43.83,133.50,1,-1,-1,-1
223,30,1348.85,544.68,46.80,142.41,1,-1,-1,-1
224,30,1350.15,543.28,47.85,145.55,1,-1,-1,-1
225,30,1351.66,543.07,46.11,140.31,1,-1,-1,-1
226,30,1351.12,542.68,47.59,144.76,1,-1,-1,-1
227,30,1350.91,542.55,48.13,146.38,1,-1,-1,-1
228,30,1357.26,542.51,48.32,146.97,1,-1,-1,-1
228,32,1755.28,543.56,44.96,136.88,1,-1,-1,-1
229,30,1359.66,542.51,48.39,147.16,1,-1,-1,-1
229,32,1763.09,542.81,47.23,143.70,1,-1,-1,-1
230,30,1360.53,542.53,48.40,147.19,1,-1,-1,-1
230,32,1772.14,542.55,47.96,145.88,1,-1,-1,-1
231,30,1362.44,540.35,50.71,154.14,1,-1,-1,-1
231,32,1781.86,542.47,48.23,146.70,1,-1,-1,-1
232,30,1367.97,547.95,47.16,143.48,1,-1,-1,-1
232,32,1791.77,542.46,48.33,146.98,1,-1,-1,-1
233,30,1370.09,551.04,45.70,139.09,1,-1,-1,-1
233,32,1801.80,542.48,48.35,147.06,1,-1,-1,-1
234,30,1370.66,545.66,47.38,144.13,1,-1,-1,-1
234,32,1811.80,542.50,48.35,147.07,1,-1,-1,-1
235,30,1370.96,550.04,45.83,139.47,1,-1,-1,-1
235,32,1821.83,542.52,48.35,147.04,1,-1,-1,-1
236,30,1373.05,543.04,49.78,151.35,1,-1,-1,-1
236,32,1828.04,540.34,50.67,154.00,1,-1,-1,-1
237,30,1373.80,540.53,51.21,155.61,1,-1,-1,-1
237,32,1840.30,541.69,49.24,149.72,1,-1,-1,-1
238,30,1380.82,539.55,51.75,157.26,1,-1,-1,-1
238,32,1846.23,535.66,53.50,162.51,1,-1,-1,-1
239,30,1383.49,539.19,51.95,157.84,1,-1,-1,-1
239,32,1857.17,530.96,52.64,159.91,1,-1,-1,-1
240,30,1390.19,534.76,54.48,165.43,1,-1,-1,-1
241,30,1393.83,537.35,52.99,160.96,1,-1,-1,-1
242,30,1395.13,538.45,52.35,159.06,1,-1,-1,-1
243,30,1403.83,541.40,47.60,144.78,1,-1,-1,-1
244,30,1407.01,542.58,45.73,139.19,1,-1,-1,-1
245,30,1413.80,540.40,49.72,151.15,1,-1,-1,-1
246,30,1418.65,541.80,48.83,148.48,1,-1,-1,-1
247,30,1424.87,540.16,50.80,154.41,1,-1,-1,-1
248,30,1429.04,541.73,49.23,149.69,1,-1,-1,-1
249,30,1435.44,540.14,50.95,154.85,1,-1,-1,-1
250,30,1438.49,535.23,54.05,164.16,1,-1,-1,-1
251,30,1446.61,539.77,50.52,153.57,1,-1,-1,-1
252,30,1455.56,539.43,51.41,156.24,1,-1,-1,-1
253,30,1458.70,539.31,51.73,157.20,1,-1,-1,-1
254,30,1466.60,528.14,57.00,173.00,1,-1,-1,-1
255,30,1476.23,534.75,53.98,163.93,1,-1,-1,-1
256,30,1486.06,539.82,50.31,152.94,1,-1,-1,-1
257,30,1493.65,535.03,53.87,163.59,1,-1,-1,-1
258,30,1503.64,533.35,55.11,167.32,1,-1,-1,-1
259,30,1507.29,532.72,55.58,168.73,1,-1,-1,-1
260,30,1515.82,532.50,55.74,169.22,1,-1,-1,-1
261,30,1526.31,532.44,55.78,169.35,1,-1,-1,-1
267,35,1215.60,526.29,39.57,120.72,1,-1,-1,-1
270,30,1566.18,592.71,59.49,180.49,1,-1,-1,-1
271,30,1581.67,589.49,62.61,189.83,1,-1,-1,-1
272,30,1595.40,596.85,63.67,193.02,1,-1,-1,-1
273,30,1611.67,591.27,67.09,203.27,1,-1,-1,-1
274,30,1625.09,587.26,71.58,216.75,1,-1,-1,-1
275,30,1640.53,587.39,70.15,212.45,1,-1,-1,-1
276,30,1655.38,596.37,69.50,210.49,1,-1,-1,-1
277,30,1675.43,595.18,75.98,229.95,1,-1,-1,-1
280,30,1725.46,608.62,78.71,238.14,1,-1,-1,-1
281,30,1742.74,599.67,78.94,238.83,1,-1,-1,-1
283,37,1740.40,535.88,62.30,188.89,1,-1,-1,-1
284,37,1754.35,543.89,60.32,182.95,1,-1,-1,-1
284,30,1804.64,609.24,79.01,239.03,1,-1,-1,-1
285,37,1768.95,546.81,59.59,180.78,1,-1,-1,-1
285,30,1823.34,610.21,79.00,239.01,1,-1,-1,-1
286,37,1780.67,537.88,62.69,190.06,1,-1,-1,-1
287,37,1794.13,543.97,60.63,183.90,1,-1,-1,-1
287,38,1263.40,553.00,39.00,119.00,1,-1,-1,-1
288,37,1806.67,537.11,62.95,190.84,1,-1,-1,-1
288,38,1268.49,550.49,41.21,125.64,1,-1,-1,-1
289,37,1819.23,543.47,60.78,184.35,1,-1,-1,-1
289,38,1272.47,552.10,39.79,121.37,1,-1,-1,-1
290,37,1827.22,534.60,66.17,200.50,1,-1,-1,-1
290,38,1279.65,552.75,39.22,119.65,1,-1,-1,-1
291,37,1839.06,531.50,68.05,206.14,1,-1,-1,-1
291,38,1281.78,552.97,39.03,119.09,1,-1,-1,-1
292,37,1856.18,541.17,65.69,199.07,1,-1,-1,-1
292,38,1287.98,553.03,38.97,118.92,1,-1,-1,-1
293,37,1870.92,545.03,64.71,196.13,1,-1,-1,-1
314,38,1379.90,591.76,48.20,146.61,1,-1,-1,-1
315,38,1387.68,592.52,48.38,147.15,1,-1,-1,-1
316,38,1390.56,592.74,48.44,147.32,1,-1,-1,-1
317,38,1391.50,592.77,48.44,147.33,1,-1,-1,-1
318,38,1397.00,596.89,46.27,140.82,1,-1,-1,-1
319,38,1400.11,600.73,47.62,144.86,1,-1,-1,-1
322,39,1533.86,589.13,44.95,136.84,1,-1,-1,-1
323,39,1535.28,589.13,44.95,136.84,1,-1,-1,-1
324,39,1535.83,591.85,42.55,129.66,1,-1,-1,-1
326,42,212.12,634.36,51.78,157.34,1,-1,-1,-1
327,42,212.30,634.91,46.51,141.54,1,-1,-1,-1
327,39,1552.73,589.36,44.70,136.10,1,-1,-1,-1
328,42,203.51,634.51,50.40,153.18,1,-1,-1,-1
328,39,1556.87,590.89,47.36,144.10,1,-1,-1,-1
329,42,201.12,634.39,51.46,156.37,1,-1,-1,-1
329,39,1562.32,584.55,50.62,153.87,1,-1,-1,-1
330,42,192.98,634.36,51.82,157.45,1,-1,-1,-1
330,39,1563.64,579.82,54.29,164.87,1,-1,-1,-1
331,42,190.27,634.35,51.92,157.76,1,-1,-1,-1
332,42,183.32,626.69,54.55,165.64,1,-1,-1,-1
333,42,186.91,624.31,52.96,160.87,1,-1,-1,-1
334,42,181.45,623.48,52.29,158.87,1,-1,-1,-1
335,42,179.59,623.24,52.03,158.09,1,-1,-1,-1
336,42,172.51,622.83,54.46,165.40,1,-1,-1,-1
337,42,169.46,629.99,52.87,160.62,1,-1,-1,-1
338,42,168.50,632.86,52.22,158.65,1,-1,-1,-1
339,42,161.24,633.94,51.97,157.90,1,-1,-1,-1
340,42,158.70,634.47,54.39,165.17,1,-1,-1,-1
341,42,150.48,634.65,55.28,167.85,1,-1,-1,-1
342,42,146.41,632.73,58.27,176.81,1,-1,-1,-1
343,42,146.43,647.41,54.34,165.02,1,-1,-1,-1
343,45,1444.00,616.99,59.63,180.89,1,-1,-1,-1
344,42,139.68,653.34,52.70,160.09,1,-1,-1,-1
344,45,1443.69,613.00,62.98,190.95,1,-1,-1,-1
345,42,134.77,655.65,57.35,174.04,1,-1,-1,-1
345,45,1443.59,621.47,64.12,194.35,1,-1,-1,-1
346,42,127.28,664.65,56.41,171.21,1,-1,-1,-1
346,45,1443.56,624.48,64.39,195.16,1,-1,-1,-1
347,42,117.08,668.15,55.99,169.97,1,-1,-1,-1
347,45,1443.56,625.38,64.40,195.20,1,-1,-1,-1
348,42,113.39,669.37,55.82,169.45,1,-1,-1,-1
348,45,1443.85,638.77,61.31,185.93,1,-1,-1,-1
349,42,112.18,669.72,55.74,169.23,1,-1,-1,-1
349,45,1443.67,639.36,63.20,191.61,1,-1,-1,-1
350,42,101.27,669.37,58.38,177.15,1,-1,-1,-1
350,45,1452.08,643.43,60.91,184.72,1,-1,-1,-1
351,42,97.30,669.18,59.36,180.08,1,-1,-1,-1
351,45,1455.60,640.72,63.00,191.00,1,-1,-1,-1
352,42,91.74,676.77,57.08,173.24,1,-1,-1,-1
352,45,1456.82,648.34,63.75,193.24,1,-1,-1,-1
353,42,86.11,679.77,58.86,178.58,1,-1,-1,-1
353,45,1456.88,654.43,61.12,185.37,1,-1,-1,-1
354,42,80.43,680.69,56.86,172.58,1,-1,-1,-1
354,45,1457.14,661.98,63.04,191.13,1,-1,-1,-1
355,42,82.01,692.80,53.53,162.60,1,-1,-1,-1
355,45,1457.21,664.62,63.73,193.20,1,-1,-1,-1
356,42,74.96,685.27,57.59,174.77,1,-1,-1,-1
356,45,1452.56,660.06,67.07,203.20,1,-1,-1,-1
357,42,64.63,682.64,59.01,179.03,1,-1,-1,-1
357,45,1450.79,658.27,68.31,206.93,1,-1,-1,-1
358,42,55.15,679.39,62.39,189.16,1,-1,-1,-1
358,45,1450.08,657.43,68.77,208.31,1,-1,-1,-1
359,42,49.43,680.20,60.87,184.62,1,-1,-1,-1
359,45,1449.80,666.12,68.92,208.76,1,-1,-1,-1
359,47,1378.88,609.44,64.91,196.74,1,-1,-1,-1
360,42,41.22,678.32,63.09,191.27,1,-1,-1,-1
360,45,1449.69,669.36,68.95,208.86,1,-1,-1,-1
360,47,1378.66,621.50,64.18,194.54,1,-1,-1,-1
361,42,36.58,687.56,61.09,185.27,1,-1,-1,-1
361,45,1449.32,672.59,72.22,218.67,1,-1,-1,-1
361,47,1375.28,616.07,71.57,216.72,1,-1,-1,-1
362,42,27.08,691.15,60.26,182.79,1,-1,-1,-1
362,45,1458.46,680.67,70.21,212.64,1,-1,-1,-1
362,47,1377.23,622.64,66.98,202.93,1,-1,-1,-1
363,42,16.91,686.71,65.90,199.70,1,-1,-1,-1
363,45,1462.10,683.71,69.37,210.09,1,-1,-1,-1
363,47,1368.86,627.17,68.37,207.11,1,-1,-1,-1
364,42,12.61,689.09,64.99,196.96,1,-1,-1,-1
364,47,1365.86,635.57,65.55,198.64,1,-1,-1,-1
371,47,1359.08,643.82,73.34,222.01,1,-1,-1,-1
372,47,1349.20,642.67,77.37,234.10,1,-1,-1,-1
373,47,1355.01,643.51,75.36,228.07,1,-1,-1,-1
373,45,1457.61,721.07,78.71,238.12,1,-1,-1,-1
374,47,1347.91,642.47,78.02,236.06,1,-1,-1,-1
374,45,1457.24,722.33,79.11,239.34,1,-1,-1,-1
375,47,1352.22,638.49,82.71,250.12,1,-1,-1,-1
375,45,1458.15,722.88,82.99,250.99,1,-1,-1,-1
376,47,1347.10,640.44,80.83,244.48,1,-1,-1,-1
376,45,1458.49,723.02,84.44,255.34,1,-1,-1,-1
376,50,1553.00,689.00,79.00,239.00,1,-1,-1,-1
377,45,1458.62,722.94,84.98,256.94,1,-1,-1,-1
377,50,1540.67,689.00,79.00,239.00,1,-1,-1,-1
378,45,1457.62,733.04,81.42,246.27,1,-1,-1,-1
378,50,1536.54,689.00,79.00,239.00,1,-1,-1,-1
379,45,1454.57,724.09,87.87,265.63,1,-1,-1,-1
379,50,1535.61,689.00,79.00,239.00,1,-1,-1,-1
380,45,1453.47,720.86,90.20,272.61,1,-1,-1,-1
380,50,1535.56,689.00,79.00,239.00,1,-1,-1,-1
381,45,1455.62,731.85,83.43,252.28,1,-1,-1,-1
381,50,1535.73,689.00,79.00,239.00,1,-1,-1,-1
382,45,1446.11,737.07,84.46,255.39,1,-1,-1,-1
382,50,1535.92,689.00,79.00,239.00,1,-1,-1,-1
382,47,1306.85,636.89,84.53,255.59,1,-1,-1,-1
383,45,1442.71,738.90,84.83,256.48,1,-1,-1,-1
383,50,1525.13,689.00,79.00,239.00,1,-1,-1,-1
383,47,1303.88,636.31,84.74,256.23,1,-1,-1,-1
384,45,1441.46,739.49,84.95,256.84,1,-1,-1,-1
384,50,1532.13,689.00,79.00,239.00,1,-1,-1,-1
385,45,1436.49,738.16,89.02,269.06,1,-1,-1,-1
385,50,1528.24,687.61,82.87,250.61,1,-1,-1,-1
386,45,1438.80,748.49,82.85,250.54,1,-1,-1,-1
386,50,1526.86,687.10,84.28,254.86,1,-1,-1,-1
387,45,1435.55,741.15,88.31,266.93,1,-1,-1,-1
387,50,1522.33,688.27,81.03,245.08,1,-1,-1,-1
388,45,1427.74,751.08,86.26,260.78,1,-1,-1,-1
388,50,1513.38,687.36,83.58,252.75,1,-1,-1,-1
389,45,1421.42,750.96,93.83,283.50,1,-1,-1,-1
390,45,1417.14,754.10,92.39,279.18,1,-1,-1,-1
390,50,1480.65,713.62,80.12,242.36,1,-1,-1,-1
391,45,1415.56,755.24,91.74,277.21,1,-1,-1,-1
391,50,1473.60,719.74,79.22,239.65,1,-1,-1,-1
392,50,1460.53,721.79,78.91,238.74,1,-1,-1,-1
395,45,1382.99,769.08,96.90,292.70,1,-1,-1,-1
405,54,1246.84,558.86,41.30,125.89,1,-1,-1,-1
406,54,1236.37,560.48,39.56,120.68,1,-1,-1,-1
406,55,1048.94,651.04,97.49,294.47,1,-1,-1,-1
407,54,1220.10,561.04,38.95,118.86,1,-1,-1,-1
407,55,1034.50,659.99,92.41,279.22,1,-1,-1,-1
408,54,1209.46,561.17,38.82,118.45,1,-1,-1,-1
408,55,1015.08,662.95,90.73,274.18,1,-1,-1,-1
409,54,1194.85,561.18,38.81,118.42,1,-1,-1,-1
409,55,989.99,654.71,95.41,288.22,1,-1,-1,-1
410,54,1179.02,561.16,38.83,118.48,1,-1,-1,-1
410,55,961.65,660.33,92.22,278.65,1,-1,-1,-1
411,54,1168.42,561.14,38.85,118.56,1,-1,-1,-1
411,55,933.50,657.22,100.84,304.53,1,-1,-1,-1
412,54,1154.17,561.12,38.87,118.62,1,-1,-1,-1
412,55,908.89,666.37,99.02,299.05,1,-1,-1,-1
413,54,1138.62,561.10,38.89,118.68,1,-1,-1,-1
413,55,887.36,669.94,98.21,296.63,1,-1,-1,-1
414,54,1128.03,561.08,38.91,118.73,1,-1,-1,-1
414,55,865.11,678.12,93.42,282.27,1,-1,-1,-1
415,54,1113.88,561.07,38.92,118.77,1,-1,-1,-1
415,55,833.06,674.00,96.13,290.39,1,-1,-1,-1
416,54,1098.42,561.06,38.93,118.80,1,-1,-1,-1
416,55,809.05,672.49,97.09,293.27,1,-1,-1,-1
417,55,787.87,671.83,97.45,294.33,1,-1,-1,-1
418,55,767.75,671.52,97.57,294.70,1,-1,-1,-1
419,55,748.04,671.36,97.61,294.81,1,-1,-1,-1
420,55,715.39,684.31,97.61,294.82,1,-1,-1,-1
420,54,1031.71,550.98,41.54,126.61,1,-1,-1,-1
421,55,681.75,679.98,102.28,308.84,1,-1,-1,-1
421,54,1014.25,549.80,41.85,127.55,1,-1,-1,-1
422,55,653.15,687.31,99.42,300.26,1,-1,-1,-1
422,54,995.22,551.53,40.08,122.22,1,-1,-1,-1
423,55,617.16,690.12,98.25,296.75,1,-1,-1,-1
423,54,976.72,545.69,43.35,132.05,1,-1,-1,-1
424,55,578.51,691.08,97.80,295.40,1,-1,-1,-1
424,54,955.75,547.81,42.55,129.65,1,-1,-1,-1
425,55,550.11,700.40,89.18,269.54,1,-1,-1,-1
425,54,936.97,543.10,42.20,128.61,1,-1,-1,-1
426,55,506.17,687.17,104.68,316.03,1,-1,-1,-1
426,54,919.16,547.02,42.06,128.18,1,-1,-1,-1
427,55,469.53,694.14,105.03,317.07,1,-1,-1,-1
427,54,898.91,550.68,40.11,122.32,1,-1,-1,-1
428,55,422.28,685.51,115.30,347.90,1,-1,-1,-1
428,54,877.67,549.95,41.28,125.83,1,-1,-1,-1
429,55,387.31,696.40,114.04,344.11,1,-1,-1,-1
429,54,858.11,551.82,39.82,121.44,1,-1,-1,-1
430,55,344.44,711.46,108.48,327.43,1,-1,-1,-1
431,55,301.37,711.51,101.53,306.59,1,-1,-1,-1
432,55,258.47,717.23,103.65,312.93,1,-1,-1,-1
442,58,1119.36,667.24,69.64,210.93,1,-1,-1,-1
442,59,1288.06,599.94,68.64,207.93,1,-1,-1,-1
443,58,1089.50,655.79,81.49,246.46,1,-1,-1,-1
443,59,1262.27,599.94,68.64,207.93,1,-1,-1,-1
444,58,1062.10,666.63,81.30,245.87,1,-1,-1,-1
444,59,1231.93,599.94,68.64,207.93,1,-1,-1,-1
444,60,512.02,566.90,41.87,127.61,1,-1,-1,-1
445,58,1029.81,671.44,80.56,243.66,1,-1,-1,-1
445,59,1199.66,598.59,72.39,219.18,1,-1,-1,-1
446,58,1002.83,672.90,76.27,230.80,1,-1,-1,-1
446,59,1171.20,594.53,77.39,234.17,1,-1,-1,-1
446,61,460.57,566.90,41.87,127.61,1,-1,-1,-1
447,58,977.57,673.45,78.45,237.33,1,-1,-1,-1
447,59,1149.29,596.56,75.53,228.57,1,-1,-1,-1
448,58,947.66,673.60,79.16,239.48,1,-1,-1,-1
448,59,1122.08,597.43,74.65,225.96,1,-1,-1,-1
449,58,916.06,673.59,79.38,240.12,1,-1,-1,-1
449,59,1091.75,594.29,77.92,235.75,1,-1,-1,-1
449,63,374.98,565.83,42.49,129.46,1,-1,-1,-1
450,58,883.90,684.30,79.41,240.23,1,-1,-1,-1
451,58,857.90,686.87,83.23,251.70,1,-1,-1,-1
452,58,826.50,687.76,84.63,255.88,1,-1,-1,-1
453,58,793.96,684.12,89.15,269.46,1,-1,-1,-1
454,58,755.35,688.76,95.09,287.28,1,-1,-1,-1
455,58,715.96,690.52,97.37,294.10,1,-1,-1,-1
456,58,682.72,696.91,93.95,283.86,1,-1,-1,-1
457,58,640.48,684.34,101.46,306.39,1,-1,-1,-1
458,58,603.98,697.17,91.63,276.90,1,-1,-1,-1
459,58,558.85,693.28,95.91,289.73,1,-1,-1,-1
460,58,513.91,696.62,102.00,307.98,1,-1,-1,-1
461,58,475.74,705.82,99.79,301.36,1,-1,-1,-1
462,58,419.46,719.24,108.38,327.15,1,-1,-1,-1
463,58,381.49,733.60,106.76,322.27,1,-1,-1,-1
464,71,1410.26,777.28,148.29,446.86,1,-1,-1,-1
465,71,1376.15,801.63,140.58,423.74,1,-1,-1,-1
505,73,1814.98,643.66,59.63,180.89,1,-1,-1,-1
507,74,1748.28,638.98,63.11,191.33,1,-1,-1,-1
507,73,1819.41,654.58,59.63,180.89,1,-1,-1,-1
508,74,1719.85,651.70,60.48,183.43,1,-1,-1,-1
509,74,1682.10,657.24,56.36,171.07,1,-1,-1,-1
510,74,1642.77,657.36,58.40,177.19,1,-1,-1,-1
511,74,1602.98,658.79,69.16,209.47,1,-1,-1,-1
512,74,1573.01,663.19,66.49,201.47,1,-1,-1,-1
512,78,1651.18,657.28,67.71,205.13,1,-1,-1,-1
513,74,1536.96,664.70,65.15,197.45,1,-1,-1,-1
513,78,1621.91,662.21,64.89,196.66,1,-1,-1,-1
514,74,1505.33,669.03,67.78,205.34,1,-1,-1,-1
514,78,1580.96,674.17,63.90,193.71,1,-1,-1,-1
515,74,1471.01,666.70,65.63,198.88,1,-1,-1,-1
515,78,1538.97,672.14,67.22,203.65,1,-1,-1,-1
516,74,1436.80,669.48,67.87,205.59,1,-1,-1,-1
516,78,1506.01,678.77,61.90,187.70,1,-1,-1,-1
517,74,1397.55,670.43,68.67,207.99,1,-1,-1,-1
517,78,1477.01,673.22,66.52,201.55,1,-1,-1,-1
517,80,1545.00,555.98,31.25,95.75,1,-1,-1,-1
518,74,1365.47,670.69,68.94,208.81,1,-1,-1,-1
518,78,1444.68,676.34,64.84,196.50,1,-1,-1,-1
518,73,1820.66,735.77,90.58,273.75,1,-1,-1,-1
519,74,1337.17,675.44,65.93,199.80,1,-1,-1,-1
519,78,1409.80,672.41,67.40,204.18,1,-1,-1,-1
519,73,1798.75,738.80,91.77,277.30,1,-1,-1,-1
520,74,1299.13,672.31,67.86,205.59,1,-1,-1,-1
520,73,1765.84,739.64,92.11,278.33,1,-1,-1,-1
521,74,1271.39,677.99,62.64,189.92,1,-1,-1,-1
521,73,1732.20,735.70,96.35,291.05,1,-1,-1,-1
522,74,1236.65,677.88,63.51,192.53,1,-1,-1,-1
522,73,1704.79,738.05,93.80,283.41,1,-1,-1,-1
523,73,1670.16,738.72,92.64,279.92,1,-1,-1,-1
524,73,1632.38,749.72,84.41,255.22,1,-1,-1,-1
524,78,1249.06,689.06,64.27,194.80,1,-1,-1,-1
525,73,1594.32,742.39,89.06,269.18,1,-1,-1,-1
525,78,1214.16,685.88,67.27,203.79,1,-1,-1,-1
526,73,1565.18,723.03,94.95,286.86,1,-1,-1,-1
526,78,1181.01,677.89,71.48,216.45,1,-1,-1,-1
526,74,1092.42,674.19,72.53,219.58,1,-1,-1,-1
527,73,1534.69,720.31,93.00,281.00,1,-1,-1,-1
527,78,1149.94,674.86,73.06,221.19,1,-1,-1,-1
527,90,1261.80,561.00,39.00,119.00,1,-1,-1,-1
527,74,1068.24,680.55,70.30,212.91,1,-1,-1,-1
528,73,1504.70,714.10,96.42,291.25,1,-1,-1,-1
528,78,1116.22,689.66,70.41,213.23,1,-1,-1,-1
528,74,1032.85,682.95,69.42,210.25,1,-1,-1,-1
529,73,1468.39,711.74,97.67,295.01,1,-1,-1,-1
529,78,1086.28,695.45,69.34,210.01,1,-1,-1,-1
529,74,1002.39,683.80,69.07,209.20,1,-1,-1,-1
530,73,1442.14,723.55,98.10,296.30,1,-1,-1,-1
530,78,1045.48,691.93,75.80,229.40,1,-1,-1,-1
530,74,970.65,686.84,72.21,218.63,1,-1,-1,-1
530,92,1189.80,561.00,39.00,119.00,1,-1,-1,-1
531,73,1405.95,732.25,93.92,283.75,1,-1,-1,-1
531,78,1010.29,690.65,78.15,236.45,1,-1,-1,-1
531,74,944.47,694.24,70.14,212.42,1,-1,-1,-1
531,92,1173.77,561.00,39.00,119.00,1,-1,-1,-1
532,73,1381.08,731.36,96.59,291.76,1,-1,-1,-1
532,78,983.03,698.85,75.60,228.80,1,-1,-1,-1
532,74,908.35,697.08,69.28,209.85,1,-1,-1,-1
532,92,1149.73,567.22,39.00,119.00,1,-1,-1,-1
533,73,1346.72,730.99,97.55,294.65,1,-1,-1,-1
533,78,946.86,703.59,78.07,236.20,1,-1,-1,-1
533,74,877.56,707.28,68.95,208.84,1,-1,-1,-1
533,92,1124.69,569.17,39.00,119.00,1,-1,-1,-1
534,73,1323.76,734.92,93.58,282.73,1,-1,-1,-1
534,78,913.32,705.30,78.97,238.90,1,-1,-1,-1
534,92,1105.64,569.68,39.00,119.00,1,-1,-1,-1
535,73,1292.49,724.79,101.08,305.23,1,-1,-1,-1
535,78,877.23,705.28,83.02,251.06,1,-1,-1,-1
535,92,1083.02,569.74,39.00,119.00,1,-1,-1,-1
536,73,1263.89,728.21,99.25,299.73,1,-1,-1,-1
536,78,842.22,705.23,84.54,255.63,1,-1,-1,-1
536,92,1064.77,569.68,39.00,119.00,1,-1,-1,-1
537,73,1230.06,722.31,103.07,311.22,1,-1,-1,-1
537,78,809.35,702.11,89.07,269.21,1,-1,-1,-1
537,92,1042.61,569.60,39.00,119.00,1,-1,-1,-1
538,73,1204.28,720.08,104.49,315.45,1,-1,-1,-1
538,78,773.86,714.79,86.86,262.57,1,-1,-1,-1
538,92,1021.96,573.90,40.95,124.84,1,-1,-1,-1
539,73,1181.29,726.38,100.39,303.18,1,-1,-1,-1
539,78,739.03,719.82,85.88,259.64,1,-1,-1,-1
539,92,1001.51,576.45,39.76,121.28,1,-1,-1,-1
540,73,1145.98,721.53,103.41,312.23,1,-1,-1,-1
540,78,704.51,721.65,85.47,258.41,1,-1,-1,-1
540,92,978.61,577.35,39.28,119.84,1,-1,-1,-1
540,74,626.44,721.53,78.45,237.36,1,-1,-1,-1
541,73,1113.05,723.82,109.44,330.31,1,-1,-1,-1
541,78,670.11,733.50,85.28,257.84,1,-1,-1,-1
541,92,960.21,577.62,39.10,119.29,1,-1,-1,-1
542,73,1080.58,734.21,106.86,322.56,1,-1,-1,-1
542,78,639.37,747.51,81.40,246.21,1,-1,-1,-1
542,92,938.13,577.66,39.03,119.09,1,-1,-1,-1
543,73,1060.60,744.70,101.08,305.24,1,-1,-1,-1
543,78,606.96,741.44,87.84,265.52,1,-1,-1,-1
543,92,920.01,577.62,39.01,119.02,1,-1,-1,-1
544,73,1041.22,761.84,98.81,298.43,1,-1,-1,-1
544,78,571.75,751.09,90.14,272.41,1,-1,-1,-1
544,92,900.91,582.25,40.91,124.72,1,-1,-1,-1
545,73,1014.60,762.56,102.69,310.07,1,-1,-1,-1
545,78,545.66,755.40,87.03,263.08,1,-1,-1,-1
545,92,881.05,579.35,39.74,121.22,1,-1,-1,-1
546,73,986.76,768.10,99.49,300.46,1,-1,-1,-1
546,78,502.50,756.22,89.81,271.43,1,-1,-1,-1
546,92,863.76,578.11,39.27,119.80,1,-1,-1,-1
547,73,960.77,791.27,85.87,259.60,1,-1,-1,-1
547,92,842.09,577.62,39.09,119.27,1,-1,-1,-1
548,73,929.06,777.50,93.63,282.87,1,-1,-1,-1
548,92,823.53,576.40,40.93,124.79,1,-1,-1,-1
548,78,409.66,745.65,101.39,306.18,1,-1,-1,-1
549,73,905.34,773.24,96.08,290.22,1,-1,-1,-1
549,92,805.90,575.93,41.61,126.82,1,-1,-1,-1
549,78,366.83,748.09,108.69,328.07,1,-1,-1,-1
550,73,880.20,792.28,84.90,256.69,1,-1,-1,-1
550,92,783.08,575.73,41.87,127.59,1,-1,-1,-1
550,78,335.64,757.42,106.67,322.02,1,-1,-1,-1
551,73,847.99,757.17,98.22,296.63,1,-1,-1,-1
551,92,763.83,575.65,41.95,127.86,1,-1,-1,-1
551,78,297.53,766.36,101.17,305.51,1,-1,-1,-1
552,73,823.06,759.37,102.48,309.44,1,-1,-1,-1
552,92,745.98,575.60,41.98,127.93,1,-1,-1,-1
552,78,258.47,769.64,98.97,298.91,1,-1,-1,-1
553,73,791.48,765.58,99.64,300.92,1,-1,-1,-1
553,92,728.67,575.58,41.98,127.93,1,-1,-1,-1
553,78,219.10,783.76,98.14,296.42,1,-1,-1,-1
554,73,762.06,762.68,103.11,311.33,1,-1,-1,-1
554,92,711.54,575.56,41.97,127.91,1,-1,-1,-1
554,78,179.62,788.89,97.82,295.44,1,-1,-1,-1
555,73,744.23,766.91,99.80,301.38,1,-1,-1,-1
555,92,694.48,575.55,41.96,127.88,1,-1,-1,-1
556,73,718.40,763.15,103.13,311.38,1,-1,-1,-1
556,92,673.14,572.43,43.98,133.93,1,-1,-1,-1
557,73,695.65,761.76,104.34,315.02,1,-1,-1,-1
557,92,658.68,574.32,42.74,130.21,1,-1,-1,-1
558,73,670.30,766.57,100.17,302.50,1,-1,-1,-1
558,92,636.76,571.95,44.26,134.79,1,-1,-1,-1
559,73,648.77,768.45,98.50,297.48,1,-1,-1,-1
559,92,623.05,571.08,44.82,136.46,1,-1,-1,-1
560,73,615.51,782.24,97.87,295.60,1,-1,-1,-1
560,92,602.78,571.73,47.18,143.53,1,-1,-1,-1
561,73,589.23,759.98,107.35,324.05,1,-1,-1,-1
561,92,587.35,571.02,45.94,139.83,1,-1,-1,-1
562,73,560.23,755.12,115.99,349.96,1,-1,-1,-1
562,92,571.16,571.74,47.59,144.77,1,-1,-1,-1
563,73,534.17,753.21,119.38,360.14,1,-1,-1,-1
563,92,552.62,576.99,46.06,140.18,1,-1,-1,-1
564,73,509.29,752.50,120.67,364.01,1,-1,-1,-1
564,92,538.91,581.78,43.39,132.17,1,-1,-1,-1
565,73,478.54,763.57,115.87,349.58,1,-1,-1,-1
565,92,522.43,582.26,46.66,141.98,1,-1,-1,-1
566,73,452.91,767.99,113.87,343.59,1,-1,-1,-1
566,92,503.87,582.44,47.81,145.44,1,-1,-1,-1
567,73,433.66,774.08,118.43,357.28,1,-1,-1,-1
567,92,487.41,581.07,46.11,140.33,1,-1,-1,-1
568,73,411.30,776.33,120.10,362.30,1,-1,-1,-1
568,92,469.74,586.59,45.42,138.24,1,-1,-1,-1
569,73,385.68,787.51,115.42,348.26,1,-1,-1,-1
569,92,453.43,583.96,47.34,144.01,1,-1,-1,-1
570,73,362.04,791.83,113.51,342.52,1,-1,-1,-1
570,92,434.58,582.64,50.34,153.02,1,-1,-1,-1
571,73,323.13,798.89,118.16,356.47,1,-1,-1,-1
571,92,421.00,582.11,51.48,156.45,1,-1,-1,-1
572,92,402.73,581.89,51.91,157.73,1,-1,-1,-1
573,92,382.58,581.79,52.05,158.15,1,-1,-1,-1
574,92,368.57,588.62,52.08,158.24,1,-1,-1,-1
575,92,354.11,591.10,49.76,151.29,1,-1,-1,-1
576,92,338.25,592.14,51.19,155.57,1,-1,-1,-1
577,92,319.05,590.66,54.18,164.54,1,-1,-1,-1
578,92,305.29,591.89,52.87,160.62,1,-1,-1,-1
579,92,285.45,590.47,54.81,166.42,1,-1,-1,-1
580,92,271.07,589.93,55.51,168.55,1,-1,-1,-1
581,92,251.43,589.69,55.77,169.30,1,-1,-1,-1
582,92,237.12,589.59,55.84,169.52,1,-1,-1,-1
583,92,224.87,596.93,55.85,169.54,1,-1,-1,-1
584,92,207.62,596.14,58.49,177.47,1,-1,-1,-1
585,92,193.65,595.82,59.47,180.42,1,-1,-1,-1
586,92,180.98,595.66,59.83,181.50,1,-1,-1,-1
587,92,168.77,606.49,57.30,173.90,1,-1,-1,-1
588,92,149.83,610.67,56.27,170.83,1,-1,-1,-1
589,92,134.25,609.08,58.58,177.73,1,-1,-1,-1
590,92,120.92,608.46,59.42,180.26,1,-1,-1,-1
590,94,1770.82,571.29,60.50,183.50,1,-1,-1,-1
591,92,105.11,602.62,62.57,189.71,1,-1,-1,-1
591,94,1761.70,570.99,59.82,181.45,1,-1,-1,-1
592,92,91.10,608.73,63.75,193.26,1,-1,-1,-1
592,94,1764.09,576.49,56.40,171.19,1,-1,-1,-1
593,92,77.81,611.12,64.19,194.56,1,-1,-1,-1
593,94,1769.43,572.62,58.56,177.69,1,-1,-1,-1
594,92,58.77,604.28,67.36,204.07,1,-1,-1,-1
594,94,1775.31,576.56,56.30,170.91,1,-1,-1,-1
595,92,42.93,610.59,68.55,207.64,1,-1,-1,-1
595,94,1773.04,581.56,58.47,177.41,1,-1,-1,-1
595,95,326.52,532.87,32.99,100.98,1,-1,-1,-1
596,92,28.31,613.06,68.97,208.92,1,-1,-1,-1
596,94,1772.25,583.20,59.21,179.64,1,-1,-1,-1
596,95,322.04,529.73,37.87,115.59,1,-1,-1,-1
597,92,22.00,621.09,66.08,200.23,1,-1,-1,-1
597,94,1775.92,587.98,56.73,172.18,1,-1,-1,-1
597,95,314.76,528.78,39.35,120.04,1,-1,-1,-1
598,92,12.38,626.14,67.98,205.94,1,-1,-1,-1
598,94,1777.25,581.83,55.80,169.40,1,-1,-1,-1
598,95,312.31,528.58,39.66,120.97,1,-1,-1,-1
599,92,0.04,628.10,71.92,217.76,1,-1,-1,-1
599,94,1780.54,576.02,61.24,185.71,1,-1,-1,-1
599,95,306.03,528.59,39.64,120.91,1,-1,-1,-1
600,92,-4.37,635.08,67.22,203.65,1,-1,-1,-1
600,94,1783.00,572.72,60.33,182.97,1,-1,-1,-1
600,95,304.00,528.64,39.55,120.65,1,-1,-1,-1
601,94,1783.88,571.40,59.93,181.80,1,-1,-1,-1
601,95,297.98,528.70,39.47,120.40,1,-1,-1,-1
602,94,1782.82,572.19,62.67,190.02,1,-1,-1,-1
602,95,295.95,534.18,39.39,120.17,1,-1,-1,-1
603,94,1783.96,562.93,66.72,202.16,1,-1,-1,-1
603,95,292.36,533.26,41.27,125.79,1,-1,-1,-1
604,94,1791.16,568.81,65.27,197.80,1,-1,-1,-1
604,95,288.83,535.80,40.06,122.16,1,-1,-1,-1
605,95,287.68,536.79,39.53,120.58,1,-1,-1,-1
606,95,282.07,537.13,39.31,119.93,1,-1,-1,-1
607,95,280.11,537.24,39.21,119.64,1,-1,-1,-1
608,95,279.52,537.25,39.16,119.49,1,-1,-1,-1
609,95,279.44,537.24,39.13,119.40,1,-1,-1,-1
610,95,274.23,531.91,39.11,119.34,1,-1,-1,-1
611,95,272.37,529.89,39.10,119.29,1,-1,-1,-1
612,95,271.79,529.14,39.09,119.26,1,-1,-1,-1
613,95,266.40,528.88,39.07,119.22,1,-1,-1,-1
614,95,264.46,528.80,39.07,119.20,1,-1,-1,-1
615,95,263.85,528.78,39.06,119.17,1,-1,-1,-1
615,94,1845.51,598.06,64.03,194.10,1,-1,-1,-1
616,95,258.44,528.80,39.05,119.15,1,-1,-1,-1
616,94,1852.38,600.01,67.22,203.67,1,-1,-1,-1
617,95,256.50,528.81,39.04,119.13,1,-1,-1,-1
618,95,250.59,528.83,39.04,119.12,1,-1,-1,-1
619,95,248.47,528.85,39.03,119.10,1,-1,-1,-1
620,95,247.79,528.87,39.03,119.09,1,-1,-1,-1
621,95,242.41,525.60,40.92,124.77,1,-1,-1,-1
622,95,240.42,527.61,39.77,121.29,1,-1,-1,-1
623,95,239.81,533.75,39.29,119.88,1,-1,-1,-1
624,95,239.69,530.74,39.11,119.34,1,-1,-1,-1
625,95,239.74,534.90,39.04,119.13,1,-1,-1,-1
626,95,234.22,533.54,40.92,124.75,1,-1,-1,-1
627,95,237.74,541.08,39.75,121.25,1,-1,-1,-1
628,95,233.96,544.04,39.27,119.82,1,-1,-1,-1
629,95,232.62,550.41,39.10,119.29,1,-1,-1,-1
630,95,231.87,550.59,40.93,124.79,1,-1,-1,-1
631,95,237.15,552.73,39.75,121.23,1,-1,-1,-1
632,95,239.34,553.48,39.27,119.80,1,-1,-1,-1
633,95,240.19,553.70,39.09,119.26,1,-1,-1,-1
634,95,240.54,553.72,39.02,119.06,1,-1,-1,-1
635,95,240.69,553.68,39.00,118.99,1,-1,-1,-1
636,95,240.76,558.91,38.99,118.96,1,-1,-1,-1
637,95,240.10,555.13,42.92,130.77,1,-1,-1,-1
638,95,245.63,559.23,40.58,123.72,1,-1,-1,-1
639,95,247.95,560.84,39.57,120.71,1,-1,-1,-1
640,95,249.23,559.61,41.11,125.32,1,-1,-1,-1
641,95,249.69,564.73,41.67,127.01,1,-1,-1,-1
642,95,254.65,568.04,40.00,122.00,1,-1,-1,-1
647,95,274.01,567.74,41.71,127.13,1,-1,-1,-1
648,95,275.67,567.46,41.87,127.60,1,-1,-1,-1
649,95,277.17,557.91,46.12,140.37,1,-1,-1,-1
650,95,282.26,563.51,43.64,132.91,1,-1,-1,-1
651,95,289.88,565.86,42.56,129.69,1,-1,-1,-1
652,95,294.32,557.08,44.20,134.58,1,-1,-1,-1
682,96,613.72,611.75,45.61,138.82,1,-1,-1,-1
683,96,623.27,601.21,45.09,137.27,1,-1,-1,-1
684,96,630.61,585.07,47.53,144.59,1,-1,-1,-1
693,98,779.64,567.56,54.81,166.44,1,-1,-1,-1
714,101,577.00,527.40,39.00,119.00,1,-1,-1,-1
715,101,577.00,528.63,39.00,119.00,1,-1,-1,-1
716,101,577.00,535.27,39.00,119.00,1,-1,-1,-1
717,101,577.00,537.31,39.00,119.00,1,-1,-1,-1
718,101,582.79,537.82,39.00,119.00,1,-1,-1,-1
718,102,1442.88,525.73,21.97,67.92,1,-1,-1,-1
719,101,584.77,537.87,39.00,119.00,1,-1,-1,-1
720,101,585.40,543.34,39.00,119.00,1,-1,-1,-1
721,101,584.90,542.61,40.97,124.89,1,-1,-1,-1
722,101,585.33,544.83,39.77,121.30,1,-1,-1,-1
723,101,590.84,545.57,39.28,119.84,1,-1,-1,-1
724,101,592.81,551.15,39.10,119.30,1,-1,-1,-1
724,104,1304.30,462.29,41.87,127.61,1,-1,-1,-1
725,101,593.48,553.14,39.03,119.09,1,-1,-1,-1
725,104,1311.01,464.38,39.66,120.97,1,-1,-1,-1
726,101,593.67,553.79,39.01,119.02,1,-1,-1,-1
726,104,1319.94,464.28,41.22,125.66,1,-1,-1,-1
727,101,593.67,559.27,39.00,118.99,1,-1,-1,-1
727,104,1324.59,461.60,43.99,133.97,1,-1,-1,-1
728,101,598.94,561.24,38.99,118.98,1,-1,-1,-1
728,104,1330.36,463.08,47.23,143.69,1,-1,-1,-1
729,101,600.87,561.89,38.99,118.98,1,-1,-1,-1
730,101,601.53,567.34,38.99,118.98,1,-1,-1,-1
731,101,601.71,564.01,39.00,118.99,1,-1,-1,-1
731,105,820.20,525.80,19.00,59.00,1,-1,-1,-1
732,101,601.85,560.88,40.90,124.69,1,-1,-1,-1
732,105,820.82,525.18,19.00,59.00,1,-1,-1,-1
733,101,601.87,559.68,41.60,126.81,1,-1,-1,-1
733,105,824.14,524.98,19.00,59.00,1,-1,-1,-1
733,106,1593.32,706.78,82.52,249.57,1,-1,-1,-1
734,101,606.92,560.91,40.00,121.99,1,-1,-1,-1
734,105,828.15,524.93,19.00,59.00,1,-1,-1,-1
735,101,608.82,561.33,39.35,120.06,1,-1,-1,-1
735,105,829.39,524.93,19.00,59.00,1,-1,-1,-1
736,101,608.48,555.71,43.07,131.22,1,-1,-1,-1
736,105,832.53,522.11,19.00,59.00,1,-1,-1,-1
737,101,609.31,559.19,40.62,123.85,1,-1,-1,-1
738,101,610.05,558.80,41.49,126.47,1,-1,-1,-1
739,101,610.30,558.66,41.81,127.42,1,-1,-1,-1
740,101,608.87,560.71,43.94,133.81,1,-1,-1,-1
741,101,608.30,561.47,44.74,136.21,1,-1,-1,-1
742,101,608.04,561.74,45.03,137.09,1,-1,-1,-1
743,101,610.61,562.37,47.28,143.84,1,-1,-1,-1
744,101,608.92,562.06,46.00,140.01,1,-1,-1,-1
744,105,845.72,527.93,20.39,63.17,1,-1,-1,-1
745,101,608.19,567.94,45.46,138.37,1,-1,-1,-1
745,105,846.20,528.29,20.46,63.38,1,-1,-1,-1
746,101,604.14,564.65,47.41,144.23,1,-1,-1,-1
746,105,846.35,528.41,20.48,63.45,1,-1,-1,-1
747,101,606.31,568.80,46.00,139.99,1,-1,-1,-1
747,105,846.35,528.45,20.49,63.47,1,-1,-1,-1
748,101,607.17,570.41,45.41,138.22,1,-1,-1,-1
748,105,846.30,528.45,20.49,63.46,1,-1,-1,-1
749,101,603.71,565.46,47.36,144.08,1,-1,-1,-1
749,105,849.04,528.44,20.48,63.45,1,-1,-1,-1
750,101,602.43,569.99,48.08,146.23,1,-1,-1,-1
750,105,850.04,528.43,20.48,63.43,1,-1,-1,-1
