1,1,125.45,159.39,55.57,168.71,1,-1,-1,-1
1,2,14.93,140.29,68.64,207.93,1,-1,-1,-1
2,1,122.68,158.73,59.09,179.28,1,-1,-1,-1
2,2,14.93,140.29,68.64,207.93,1,-1,-1,-1
3,1,128.81,147.48,63.00,191.02,1,-1,-1,-1
3,2,14.93,140.29,68.64,207.93,1,-1,-1,-1
4,1,130.93,143.67,64.27,194.82,1,-1,-1,-1
4,2,15.69,136.53,72.46,219.38,1,-1,-1,-1
5,1,142.66,153.14,61.47,186.40,1,-1,-1,-1
5,2,25.21,138.85,70.10,212.30,1,-1,-1,-1
6,1,146.70,156.84,60.33,182.99,1,-1,-1,-1
6,2,30.04,136.25,72.74,220.23,1,-1,-1,-1
7,1,156.39,158.14,59.91,181.75,1,-1,-1,-1
7,2,31.61,135.37,73.63,222.89,1,-1,-1,-1
8,1,156.57,145.92,65.99,199.96,1,-1,-1,-1
8,2,33.48,130.77,77.56,234.67,1,-1,-1,-1
9,1,167.40,153.60,62.24,188.70,1,-1,-1,-1
9,2,44.66,129.10,78.97,238.92,1,-1,-1,-1
10,1,170.87,155.74,63.57,192.70,1,-1,-1,-1
10,2,48.86,128.53,79.46,240.37,1,-1,-1,-1
11,1,180.62,156.51,64.04,194.10,1,-1,-1,-1
11,2,50.30,128.37,79.58,240.75,1,-1,-1,-1
12,1,182.24,142.49,70.60,213.79,1,-1,-1,-1
12,2,61.24,128.37,79.58,240.74,1,-1,-1,-1
13,1,192.91,149.34,69.83,211.47,1,-1,-1,-1
13,2,65.26,128.42,79.53,240.60,1,-1,-1,-1
14,1,205.42,154.05,66.37,201.11,1,-1,-1,-1
14,2,77.16,128.48,79.48,240.43,1,-1,-1,-1
15,1,209.98,137.23,75.02,227.04,1,-1,-1,-1
15,2,81.50,128.54,79.42,240.26,1,-1,-1,-1
16,1,221.06,147.17,71.56,216.67,1,-1,-1,-1
16,2,86.73,123.34,83.16,251.48,1,-1,-1,-1
17,1,225.22,151.53,69.98,211.92,1,-1,-1,-1
17,2,88.57,121.41,84.54,255.63,1,-1,-1,-1
18,1,227.23,150.60,72.65,219.95,1,-1,-1,-1
18,2,93.08,114.36,89.04,269.14,1,-1,-1,-1
19,1,227.91,136.45,77.10,233.30,1,-1,-1,-1
19,2,94.68,111.70,90.74,274.22,1,-1,-1,-1
20,1,227.34,125.94,82.46,249.38,1,-1,-1,-1
20,2,83.25,110.73,91.35,276.05,1,-1,-1,-1
21,1,226.97,121.85,84.53,255.60,1,-1,-1,-1
21,2,82.05,102.77,95.81,289.44,1,-1,-1,-1
22,1,225.09,114.07,89.23,269.70,1,-1,-1,-1
22,2,81.52,99.78,97.49,294.45,1,-1,-1,-1
23,1,224.26,111.11,91.02,275.07,1,-1,-1,-1
23,2,81.21,98.70,98.08,296.24,1,-1,-1,-1
24,1,235.52,110.05,91.66,276.98,1,-1,-1,-1
24,2,77.59,106.01,93.97,283.92,1,-1,-1,-1
25,1,238.18,102.17,96.08,290.24,1,-1,-1,-1
25,2,72.33,95.92,106.35,321.03,1,-1,-1,-1
26,1,239.12,99.20,97.74,295.22,1,-1,-1,-1
26,2,70.47,92.28,110.79,334.35,1,-1,-1,-1
27,1,236.68,102.69,102.85,310.56,1,-1,-1,-1
27,2,66.78,100.45,107.70,325.11,1,-1,-1,-1
28,1,235.65,104.12,104.79,316.37,1,-1,-1,-1
28,2,68.22,94.09,111.26,335.77,1,-1,-1,-1
29,1,241.69,83.80,115.52,348.55,1,-1,-1,-1
29,2,56.30,80.32,117.78,355.33,1,-1,-1,-1
30,1,247.97,87.09,114.56,345.67,1,-1,-1,-1
30,2,53.89,61.84,125.78,379.34,1,-1,-1,-1
31,1,250.41,88.70,113.98,343.92,1,-1,-1,-1
31,2,52.96,54.62,128.88,388.64,1,-1,-1,-1
32,1,247.11,77.98,118.90,358.68,1,-1,-1,-1
32,2,52.62,68.44,130.01,392.04,1,-1,-1,-1
33,1,261.25,73.95,120.73,364.17,1,-1,-1,-1
33,2,65.87,70.74,124.76,376.27,1,-1,-1,-1
34,1,269.82,83.90,116.14,350.40,1,-1,-1,-1
34,2,74.58,75.24,128.25,386.73,1,-1,-1,-1
35,1,282.47,79.81,125.23,377.67,1,-1,-1,-1
35,2,77.81,76.95,129.50,390.51,1,-1,-1,-1
36,1,290.35,90.39,123.04,371.10,1,-1,-1,-1
36,2,79.03,77.70,129.91,391.73,1,-1,-1,-1
37,1,289.93,82.47,127.65,384.96,1,-1,-1,-1
37,2,83.09,63.56,136.06,410.16,1,-1,-1,-1
38,1,289.67,79.50,129.36,390.07,1,-1,-1,-1
38,2,84.61,58.22,138.35,417.04,1,-1,-1,-1
39,1,302.64,64.03,135.96,409.87,1,-1,-1,-1
39,2,69.74,39.52,145.61,438.83,1,-1,-1,-1
40,1,307.53,58.14,138.44,417.32,1,-1,-1,-1
40,2,79.20,48.88,141.98,427.92,1,-1,-1,-1
41,1,309.27,55.93,139.32,419.94,1,-1,-1,-1
41,2,70.22,37.41,153.89,463.66,1,-1,-1,-1
42,1,309.75,55.20,139.56,420.66,1,-1,-1,-1
42,2,64.18,31.81,151.52,456.54,1,-1,-1,-1
43,1,309.77,55.05,139.55,420.65,1,-1,-1,-1
43,2,61.71,29.76,150.36,453.06,1,-1,-1,-1
44,1,304.49,57.72,145.98,439.94,1,-1,-1,-1
44,2,60.79,29.12,149.82,451.43,1,-1,-1,-1
45,1,307.46,56.22,141.96,427.86,1,-1,-1,-1
45,2,60.46,29.01,149.53,450.56,1,-1,-1,-1
46,1,296.37,40.18,153.81,463.42,1,-1,-1,-1
47,1,292.28,34.28,158.16,476.49,1,-1,-1,-1
52,1,319.31,33.01,159.21,479.64,1,-1,-1,-1
53,2,127.64,26.76,130.02,392.06,1,-1,-1,-1
54,2,131.47,26.88,128.81,388.43,1,-1,-1,-1
55,2,132.75,26.91,128.41,387.22,1,-1,-1,-1
56,2,133.04,26.93,128.31,386.94,1,-1,-1,-1
57,2,132.97,26.94,128.34,387.01,1,-1,-1,-1
58,2,132.77,26.95,128.40,387.19,1,-1,-1,-1
59,2,132.57,26.95,128.46,387.38,1,-1,-1,-1
60,2,132.37,26.96,128.52,387.56,1,-1,-1,-1
61,2,132.20,26.96,128.58,387.73,1,-1,-1,-1
62,2,132.05,26.97,128.62,387.87,1,-1,-1,-1
63,2,131.91,26.97,128.66,387.99,1,-1,-1,-1
64,2,131.80,26.97,128.70,388.10,1,-1,-1,-1
65,2,131.70,26.97,128.73,388.19,1,-1,-1,-1
66,2,131.61,26.98,128.76,388.27,1,-1,-1,-1
67,2,131.53,26.98,128.78,388.35,1,-1,-1,-1
68,2,131.46,26.98,128.80,388.41,1,-1,-1,-1
69,2,131.40,26.98,128.82,388.47,1,-1,-1,-1
70,2,131.35,26.98,128.84,388.52,1,-1,-1,-1
71,2,124.34,9.79,141.64,426.91,1,-1,-1,-1
72,2,121.77,3.50,146.33,440.97,1,-1,-1,-1
73,2,120.75,1.05,148.16,446.46,1,-1,-1,-1
74,2,133.23,0.19,142.33,428.98,1,-1,-1,-1
75,2,125.00,-0.03,146.58,441.74,1,-1,-1,-1
76,2,134.87,-0.07,141.63,426.88,1,-1,-1,-1
77,2,125.57,0.03,146.26,440.76,1,-1,-1,-1
78,2,122.14,0.10,147.94,445.82,1,-1,-1,-1
79,2,120.83,0.19,148.56,447.66,1,-1,-1,-1
80,2,120.34,0.28,148.75,448.23,1,-1,-1,-1
81,2,120.18,0.36,148.78,448.33,1,-1,-1,-1
82,2,120.15,0.43,148.76,448.26,1,-1,-1,-1
83,2,120.15,0.50,148.72,448.14,1,-1,-1,-1
84,2,133.25,18.89,142.09,428.26,1,-1,-1,-1
85,2,132.04,24.74,133.25,401.75,1,-1,-1,-1
86,2,131.54,26.84,129.98,391.95,1,-1,-1,-1
87,2,131.34,27.53,128.85,388.56,1,-1,-1,-1
88,2,131.24,27.72,128.49,387.48,1,-1,-1,-1
89,2,131.19,27.72,128.41,387.23,1,-1,-1,-1
90,2,131.15,27.67,128.43,387.28,1,-1,-1,-1
91,2,131.13,27.60,128.47,387.42,1,-1,-1,-1
92,2,131.11,27.53,128.53,387.58,1,-1,-1,-1
96,2,144.77,25.54,121.10,365.31,1,-1,-1,-1
97,2,146.36,25.21,120.32,362.94,1,-1,-1,-1
98,2,146.88,25.10,120.06,362.16,1,-1,-1,-1
99,2,142.88,27.48,132.01,398.02,1,-1,-1,-1
100,2,141.42,10.51,136.35,411.03,1,-1,-1,-1
101,2,140.81,3.70,138.04,416.12,1,-1,-1,-1
102,2,140.56,1.12,138.66,417.96,1,-1,-1,-1
103,2,140.45,0.22,138.84,418.52,1,-1,-1,-1
104,2,140.41,-0.04,138.87,418.60,1,-1,-1,-1
105,2,140.38,18.20,138.84,418.51,1,-1,-1,-1
106,2,140.37,25.21,138.79,418.36,1,-1,-1,-1
107,2,140.36,27.87,138.74,418.20,1,-1,-1,-1
108,2,140.35,28.85,138.69,418.05,1,-1,-1,-1
109,2,140.34,29.19,138.64,417.92,1,-1,-1,-1
110,2,140.33,29.28,138.60,417.79,1,-1,-1,-1
111,2,140.33,29.28,138.57,417.69,1,-1,-1,-1
112,2,140.32,29.25,138.53,417.59,1,-1,-1,-1
113,2,140.32,29.21,138.50,417.50,1,-1,-1,-1
114,2,140.32,29.17,138.48,417.43,1,-1,-1,-1
115,2,140.31,29.14,138.46,417.36,1,-1,-1,-1
116,2,140.31,29.10,138.44,417.30,1,-1,-1,-1
117,2,140.31,29.07,138.42,417.25,1,-1,-1,-1
118,2,140.31,29.05,138.40,417.20,1,-1,-1,-1
119,2,151.31,27.79,132.23,398.68,1,-1,-1,-1
120,2,144.30,28.55,136.14,410.40,1,-1,-1,-1
121,2,148.33,10.51,144.12,434.36,1,-1,-1,-1
122,2,149.85,3.71,147.13,443.39,1,-1,-1,-1
123,2,154.74,18.01,135.71,409.13,1,-1,-1,-1
124,2,145.36,25.12,137.41,414.21,1,-1,-1,-1
136,2,140.42,28.84,138.27,416.80,1,-1,-1,-1
137,2,140.24,28.95,138.30,416.89,1,-1,-1,-1
138,2,140.17,28.98,138.31,416.92,1,-1,-1,-1
139,2,140.16,28.99,138.31,416.93,1,-1,-1,-1
140,2,140.16,28.98,138.31,416.93,1,-1,-1,-1
141,2,151.21,27.73,132.13,398.39,1,-1,-1,-1
142,2,155.43,27.24,129.77,391.32,1,-1,-1,-1
143,2,145.73,28.32,135.21,407.62,1,-1,-1,-1
144,2,153.12,27.49,131.07,395.22,1,-1,-1,-1
145,2,155.99,27.15,129.47,390.41,1,-1,-1,-1
146,2,145.88,28.28,135.14,407.40,1,-1,-1,-1
147,2,153.06,27.47,131.12,395.35,1,-1,-1,-1
148,2,144.75,28.40,135.78,409.32,1,-1,-1,-1
149,2,152.61,27.51,131.38,396.13,1,-1,-1,-1
150,2,144.56,28.41,135.89,409.65,1,-1,-1,-1
151,2,141.62,28.74,137.53,414.59,1,-1,-1,-1
152,2,151.43,27.63,132.04,398.11,1,-1,-1,-1
153,2,155.26,27.20,129.89,391.68,1,-1,-1,-1
154,2,156.66,27.04,129.12,389.35,1,-1,-1,-1
155,2,157.14,26.99,128.84,388.53,1,-1,-1,-1
156,2,146.22,28.21,134.96,406.88,1,-1,-1,-1
157,2,142.17,28.66,137.23,413.68,1,-1,-1,-1
158,2,140.63,28.83,138.10,416.28,1,-1,-1,-1
159,2,140.07,28.89,138.41,417.22,1,-1,-1,-1
160,2,139.89,28.91,138.51,417.51,1,-1,-1,-1
161,2,150.82,27.69,132.39,399.17,1,-1,-1,-1
162,2,143.89,28.46,136.27,410.81,1,-1,-1,-1
163,2,147.94,10.48,144.23,434.69,1,-1,-1,-1
164,2,149.48,3.68,147.23,443.69,1,-1,-1,-1
165,2,143.59,1.09,141.88,427.63,1,-1,-1,-1
166,2,133.78,0.21,153.45,462.34,1,-1,-1,-1
167,2,124.76,-0.11,150.79,454.35,1,-1,-1,-1
168,2,121.19,-0.10,149.61,450.81,1,-1,-1,-1
169,2,119.91,-0.02,149.11,449.32,1,-1,-1,-1
170,2,125.15,0.08,155.93,469.77,1,-1,-1,-1
171,2,121.61,0.14,151.54,456.60,1,-1,-1,-1
172,2,120.28,0.26,149.71,451.11,1,-1,-1,-1
173,2,119.85,0.35,148.99,448.95,1,-1,-1,-1
174,2,119.74,0.42,148.70,448.08,1,-1,-1,-1
175,2,125.41,0.49,155.64,468.92,1,-1,-1,-1
176,2,141.35,0.53,151.27,455.81,1,-1,-1,-1
178,2,125.62,0.76,149.07,449.19,1,-1,-1,-1
179,2,121.95,0.99,148.45,447.33,1,-1,-1,-1
180,2,140.54,1.06,148.24,446.70,1,-1,-1,-1
181,2,127.67,1.08,148.17,446.49,1,-1,-1,-1
182,2,122.80,1.08,148.15,446.45,1,-1,-1,-1
183,2,120.98,1.08,148.16,446.47,1,-1,-1,-1
184,2,140.09,1.07,148.17,446.50,1,-1,-1,-1
185,2,127.54,1.06,148.18,446.54,1,-1,-1,-1
186,2,122.78,1.06,148.19,446.57,1,-1,-1,-1
187,2,120.99,1.05,148.21,446.61,1,-1,-1,-1
188,2,120.34,1.04,148.22,446.64,1,-1,-1,-1
189,2,120.13,1.04,148.22,446.66,1,-1,-1,-1
190,2,120.08,1.03,148.23,446.69,1,-1,-1,-1
191,2,120.09,1.03,148.24,446.71,1,-1,-1,-1
192,2,120.12,1.03,148.25,446.73,1,-1,-1,-1
193,2,120.15,1.02,148.25,446.74,1,-1,-1,-1
194,2,120.18,1.02,148.26,446.76,1,-1,-1,-1
195,2,120.21,1.02,148.26,446.77,1,-1,-1,-1
196,2,120.24,1.02,148.26,446.78,1,-1,-1,-1
197,2,120.26,1.01,148.27,446.79,1,-1,-1,-1
198,2,120.28,1.01,148.27,446.80,1,-1,-1,-1
199,2,120.30,1.01,148.27,446.80,1,-1,-1,-1
200,2,120.31,1.01,148.27,446.81,1,-1,-1,-1
201,2,120.33,1.01,148.28,446.82,1,-1,-1,-1
202,2,120.34,1.01,148.28,446.82,1,-1,-1,-1
203,2,131.14,15.96,124.39,375.16,1,-1,-1,-1
204,2,118.16,25.60,133.49,402.46,1,-1,-1,-1
205,2,126.35,27.43,130.12,392.35,1,-1,-1,-1
206,2,117.09,29.24,135.17,407.49,1,-1,-1,-1
207,2,113.73,29.84,137.02,413.05,1,-1,-1,-1
208,2,112.48,29.96,137.75,415.25,1,-1,-1,-1
209,2,124.29,28.69,131.88,397.64,1,-1,-1,-1
210,2,139.34,26.92,123.79,373.37,1,-1,-1,-1
211,2,144.87,26.18,120.85,364.55,1,-1,-1,-1
212,2,146.76,42.32,119.87,361.59,1,-1,-1,-1
213,2,156.04,45.93,114.10,344.29,1,-1,-1,-1
214,2,159.36,47.11,112.06,338.16,1,-1,-1,-1
215,2,168.15,49.63,116.93,352.77,1,-1,-1,-1
216,2,171.22,50.47,118.70,358.09,1,-1,-1,-1
217,2,164.69,48.53,114.05,344.15,1,-1,-1,-1
218,2,169.65,49.83,117.81,355.42,1,-1,-1,-1
219,2,178.80,63.04,113.82,343.46,1,-1,-1,-1
220,2,182.16,68.02,112.33,338.98,1,-1,-1,-1
221,2,183.25,69.72,111.82,337.46,1,-1,-1,-1
222,2,194.19,77.51,101.89,307.68,1,-1,-1,-1
223,2,198.11,80.25,98.19,296.58,1,-1,-1,-1
224,2,202.89,90.06,92.46,279.38,1,-1,-1,-1
225,2,204.39,93.39,90.52,273.58,1,-1,-1,-1
226,2,219.02,101.94,85.72,259.17,1,-1,-1,-1
227,2,224.07,104.79,84.14,254.42,1,-1,-1,-1
228,2,225.64,105.61,83.69,253.08,1,-1,-1,-1
228,9,323.86,37.74,154.86,466.57,1,-1,-1,-1
229,2,244.95,111.55,72.66,219.98,1,-1,-1,-1
229,9,332.35,51.83,142.56,429.65,1,-1,-1,-1
230,2,244.01,102.30,76.21,230.62,1,-1,-1,-1
230,9,335.44,56.96,138.08,416.22,1,-1,-1,-1
231,2,253.12,105.20,73.65,222.95,1,-1,-1,-1
231,9,336.13,58.11,137.07,413.20,1,-1,-1,-1
232,2,256.17,106.15,72.86,220.56,1,-1,-1,-1
232,9,336.20,58.23,136.97,412.90,1,-1,-1,-1
232,10,455.43,163.91,41.87,127.61,1,-1,-1,-1
233,2,258.54,111.52,76.33,230.97,1,-1,-1,-1
233,9,336.11,58.08,137.10,413.30,1,-1,-1,-1
233,10,462.04,163.91,41.87,127.61,1,-1,-1,-1
234,2,260.09,107.33,81.41,246.23,1,-1,-1,-1
234,9,356.67,73.43,130.75,394.26,1,-1,-1,-1
235,2,268.02,106.75,76.11,230.33,1,-1,-1,-1
235,9,363.95,78.78,128.62,387.85,1,-1,-1,-1
236,2,280.96,106.38,74.05,224.14,1,-1,-1,-1
236,9,365.06,65.00,134.46,405.38,1,-1,-1,-1
237,2,291.39,110.89,69.97,211.91,1,-1,-1,-1
237,9,383.93,75.01,130.31,392.92,1,-1,-1,-1
238,2,299.06,107.72,71.98,217.92,1,-1,-1,-1
238,9,390.82,78.70,128.81,388.44,1,-1,-1,-1
239,2,306.88,111.21,69.36,210.09,1,-1,-1,-1
239,9,408.23,92.81,122.45,369.33,1,-1,-1,-1
240,2,309.45,112.47,68.44,207.32,1,-1,-1,-1
240,9,416.73,84.75,126.18,380.53,1,-1,-1,-1
241,2,313.83,116.61,65.01,197.02,1,-1,-1,-1
241,9,419.57,81.87,127.52,384.56,1,-1,-1,-1
242,2,315.10,118.07,63.81,193.43,1,-1,-1,-1
242,9,434.06,93.35,122.29,368.86,1,-1,-1,-1
243,2,315.34,118.53,63.44,192.32,1,-1,-1,-1
243,9,442.74,84.66,126.28,380.83,1,-1,-1,-1
244,2,316.32,110.21,69.90,211.68,1,-1,-1,-1
244,9,429.80,85.22,133.90,403.68,1,-1,-1,-1
245,2,324.03,115.30,65.95,199.83,1,-1,-1,-1
246,2,326.81,117.36,64.37,195.10,1,-1,-1,-1
247,2,327.65,118.07,63.83,193.47,1,-1,-1,-1
248,2,315.42,114.59,66.78,202.35,1,-1,-1,-1
249,2,316.70,119.75,61.97,187.90,1,-1,-1,-1
250,2,320.51,115.05,66.24,200.72,1,-1,-1,-1
250,12,409.00,169.00,39.00,119.00,1,-1,-1,-1
251,2,324.80,117.04,64.68,196.03,1,-1,-1,-1
251,12,411.74,165.08,41.21,125.64,1,-1,-1,-1
252,2,328.01,120.67,61.18,185.52,1,-1,-1,-1
252,12,416.03,167.60,39.79,121.37,1,-1,-1,-1
252,9,492.70,155.81,99.20,299.58,1,-1,-1,-1
253,2,337.24,131.85,57.13,173.38,1,-1,-1,-1
253,12,417.35,168.62,39.22,119.65,1,-1,-1,-1
254,2,340.54,134.23,58.49,177.47,1,-1,-1,-1
254,12,415.86,167.06,43.37,132.10,1,-1,-1,-1
254,14,464.24,147.77,56.38,171.15,1,-1,-1,-1
255,2,341.63,135.02,58.98,178.93,1,-1,-1,-1
255,12,415.36,166.54,44.74,136.22,1,-1,-1,-1
256,2,341.83,136.82,56.48,171.46,1,-1,-1,-1
256,12,413.77,170.43,43.16,131.47,1,-1,-1,-1
257,2,349.41,137.39,55.58,168.74,1,-1,-1,-1
257,15,91.51,136.76,55.57,168.71,1,-1,-1,-1
258,2,344.48,135.92,58.03,176.08,1,-1,-1,-1
258,15,68.48,134.93,58.70,178.10,1,-1,-1,-1
258,14,492.60,167.83,48.48,147.46,1,-1,-1,-1
258,12,416.50,139.19,59.94,181.81,1,-1,-1,-1
259,2,342.58,136.93,56.25,170.74,1,-1,-1,-1
259,16,180.14,30.86,148.29,446.86,1,-1,-1,-1
259,14,494.60,169.25,47.93,145.79,1,-1,-1,-1
259,12,409.39,126.61,69.07,209.24,1,-1,-1,-1
260,2,338.26,130.25,64.38,195.13,1,-1,-1,-1
260,16,165.39,32.51,156.54,471.63,1,-1,-1,-1
260,12,394.75,126.47,76.18,230.58,1,-1,-1,-1
261,2,332.87,141.65,58.97,178.88,1,-1,-1,-1
261,16,152.30,31.45,151.24,455.72,1,-1,-1,-1
261,12,378.74,126.56,79.12,239.38,1,-1,-1,-1
262,16,148.53,31.02,149.10,449.29,1,-1,-1,-1
262,12,356.46,121.82,83.79,253.39,1,-1,-1,-1
263,16,125.98,30.88,148.40,447.20,1,-1,-1,-1
263,12,336.89,119.98,85.60,258.83,1,-1,-1,-1
264,16,118.76,30.84,148.19,446.55,1,-1,-1,-1
264,12,318.22,119.37,86.23,260.69,1,-1,-1,-1
265,16,116.74,30.83,148.13,446.38,1,-1,-1,-1
265,12,290.02,105.58,94.44,285.35,1,-1,-1,-1
265,2,366.41,157.93,52.56,159.69,1,-1,-1,-1
266,12,278.29,113.60,89.72,271.18,1,-1,-1,-1
266,2,370.27,159.58,51.83,157.50,1,-1,-1,-1
267,12,274.65,110.99,91.45,276.36,1,-1,-1,-1
267,2,364.34,152.96,51.60,156.81,1,-1,-1,-1
268,12,299.62,127.29,67.05,203.13,1,-1,-1,-1
268,2,357.21,140.82,56.82,172.45,1,-1,-1,-1
269,12,311.58,127.18,56.03,170.12,1,-1,-1,-1
269,2,354.05,137.99,56.08,170.23,1,-1,-1,-1
270,12,307.22,109.10,55.42,168.25,1,-1,-1,-1
270,2,345.22,121.93,55.77,169.30,1,-1,-1,-1
271,2,333.92,97.21,58.33,177.01,1,-1,-1,-1
272,2,319.69,58.31,62.11,188.33,1,-1,-1,-1
273,2,314.27,43.50,63.55,192.65,1,-1,-1,-1
274,2,308.71,48.78,67.10,203.31,1,-1,-1,-1
274,18,267.50,80.03,44.95,136.84,1,-1,-1,-1
275,18,267.50,97.03,44.95,136.84,1,-1,-1,-1
275,12,293.40,71.50,67.71,205.12,1,-1,-1,-1
276,18,267.50,124.16,44.95,136.84,1,-1,-1,-1
277,12,281.61,100.15,68.78,208.34,1,-1,-1,-1
278,12,269.97,108.11,68.68,208.02,1,-1,-1,-1
278,16,55.86,28.78,138.43,417.28,1,-1,-1,-1
278,18,283.42,188.77,44.95,136.84,1,-1,-1,-1
279,12,256.72,120.11,68.64,207.91,1,-1,-1,-1
279,16,36.53,30.18,145.27,437.79,1,-1,-1,-1
280,12,244.07,130.52,71.91,217.73,1,-1,-1,-1
280,16,10.85,30.60,147.30,443.90,1,-1,-1,-1
280,18,294.40,170.30,44.95,136.84,1,-1,-1,-1
281,12,255.61,129.42,59.02,179.04,1,-1,-1,-1
281,19,148.80,132.83,64.91,196.74,1,-1,-1,-1
282,12,256.43,143.09,48.77,148.33,1,-1,-1,-1
282,19,153.93,110.13,80.47,243.41,1,-1,-1,-1
283,12,261.76,148.10,50.41,153.22,1,-1,-1,-1
283,19,144.23,99.42,94.58,285.74,1,-1,-1,-1
284,12,271.42,156.36,48.45,147.34,1,-1,-1,-1
284,19,146.12,103.63,95.46,288.36,1,-1,-1,-1
285,12,281.51,152.38,50.27,152.81,1,-1,-1,-1
285,19,154.26,98.50,99.31,299.91,1,-1,-1,-1
286,12,298.66,157.52,48.56,147.67,1,-1,-1,-1
286,19,162.55,104.64,96.11,290.30,1,-1,-1,-1
287,12,309.92,164.63,45.72,139.15,1,-1,-1,-1
287,19,173.76,99.63,98.79,298.34,1,-1,-1,-1
288,19,177.88,97.89,99.64,300.88,1,-1,-1,-1
289,19,181.78,92.21,109.34,329.99,1,-1,-1,-1
290,19,197.52,90.10,112.97,340.88,1,-1,-1,-1
291,19,203.83,89.46,114.21,344.61,1,-1,-1,-1
291,23,156.21,158.63,59.63,180.89,1,-1,-1,-1
291,12,302.49,146.83,62.07,188.19,1,-1,-1,-1
292,19,215.54,77.97,119.71,361.12,1,-1,-1,-1
292,23,167.42,158.63,59.63,180.89,1,-1,-1,-1
292,12,318.63,160.36,56.60,171.76,1,-1,-1,-1
293,19,219.98,73.60,121.75,367.21,1,-1,-1,-1
293,12,333.89,159.20,59.06,179.17,1,-1,-1,-1
293,25,416.15,31.49,127.22,383.66,1,-1,-1,-1
293,26,30.86,30.86,148.29,446.86,1,-1,-1,-1
294,19,237.05,72.03,122.37,369.08,1,-1,-1,-1
294,12,347.18,158.78,59.96,181.86,1,-1,-1,-1
294,25,436.37,28.09,128.54,387.61,1,-1,-1,-1
294,26,50.79,50.79,140.58,423.74,1,-1,-1,-1
295,19,238.06,58.22,128.04,386.11,1,-1,-1,-1
295,12,360.08,158.62,60.25,182.75,1,-1,-1,-1
295,25,448.06,6.95,143.83,433.48,1,-1,-1,-1
295,26,60.58,36.71,146.03,440.07,1,-1,-1,-1
296,19,241.43,38.91,142.44,429.30,1,-1,-1,-1
296,12,372.80,158.56,60.32,182.94,1,-1,-1,-1
296,25,470.77,15.97,123.47,372.37,1,-1,-1,-1
296,26,80.83,51.51,140.30,422.90,1,-1,-1,-1
296,23,215.86,191.63,39.82,121.46,1,-1,-1,-1
297,19,242.69,31.42,148.01,446.03,1,-1,-1,-1
297,12,386.69,146.65,66.14,200.41,1,-1,-1,-1
297,26,86.94,56.52,138.37,417.09,1,-1,-1,-1
297,23,218.41,186.98,38.56,117.66,1,-1,-1,-1
298,19,233.59,9.81,156.84,472.52,1,-1,-1,-1
298,12,398.26,153.70,62.66,189.97,1,-1,-1,-1
298,26,103.01,73.91,131.12,395.37,1,-1,-1,-1
299,12,405.10,144.70,67.00,202.99,1,-1,-1,-1
299,26,113.21,63.66,135.43,408.27,1,-1,-1,-1
300,12,428.30,153.06,62.86,190.56,1,-1,-1,-1
301,12,440.43,157.10,58.35,177.05,1,-1,-1,-1
301,27,368.58,164.57,44.95,136.84,1,-1,-1,-1
302,12,449.56,158.13,59.35,180.05,1,-1,-1,-1
302,27,373.74,159.96,47.49,144.47,1,-1,-1,-1
303,12,456.77,148.84,62.56,189.69,1,-1,-1,-1
303,27,382.92,158.40,48.35,147.05,1,-1,-1,-1
304,12,459.28,145.34,63.76,193.28,1,-1,-1,-1
304,27,387.21,157.02,46.13,140.38,1,-1,-1,-1
304,26,177.65,189.50,99.98,301.94,1,-1,-1,-1
305,12,463.00,141.63,67.23,203.68,1,-1,-1,-1
305,27,387.35,141.70,53.08,161.23,1,-1,-1,-1
306,12,469.50,142.59,65.55,198.63,1,-1,-1,-1
306,27,391.38,144.65,52.82,160.47,1,-1,-1,-1
307,12,500.65,133.23,74.67,226.01,1,-1,-1,-1
307,27,388.36,152.89,50.19,152.56,1,-1,-1,-1
308,12,512.08,129.81,78.00,235.99,1,-1,-1,-1
308,27,389.65,139.65,56.90,172.71,1,-1,-1,-1
308,33,352.07,181.81,42.49,129.46,1,-1,-1,-1
308,23,306.37,148.46,55.34,168.02,1,-1,-1,-1
308,19,304.84,93.39,82.27,248.80,1,-1,-1,-1
309,12,517.90,123.46,82.93,250.81,1,-1,-1,-1
309,27,397.87,135.03,59.24,179.73,1,-1,-1,-1
309,33,359.08,184.31,39.75,121.25,1,-1,-1,-1
309,34,136.65,56.16,125.60,378.79,1,-1,-1,-1
309,23,308.22,145.85,58.53,177.60,1,-1,-1,-1
310,12,519.95,120.99,84.84,256.54,1,-1,-1,-1
310,27,401.74,142.61,55.06,167.16,1,-1,-1,-1
310,33,361.37,188.85,41.22,125.66,1,-1,-1,-1
310,34,139.35,56.57,135.02,407.06,1,-1,-1,-1
310,23,308.54,144.91,59.86,181.58,1,-1,-1,-1
310,35,465.81,171.78,41.30,125.89,1,-1,-1,-1
311,12,506.41,118.92,93.64,282.93,1,-1,-1,-1
311,27,403.07,145.99,53.21,161.62,1,-1,-1,-1
311,33,367.81,192.61,39.52,120.57,1,-1,-1,-1
311,34,140.35,56.72,138.50,417.50,1,-1,-1,-1
311,23,308.37,144.67,60.34,183.01,1,-1,-1,-1
311,35,457.96,172.31,41.73,127.19,1,-1,-1,-1
312,12,504.43,115.01,106.11,320.33,1,-1,-1,-1
312,27,399.99,146.84,55.03,167.10,1,-1,-1,-1
312,33,370.25,191.16,41.10,125.31,1,-1,-1,-1
312,34,140.62,56.76,139.43,420.27,1,-1,-1,-1
312,23,308.60,113.29,72.75,220.27,1,-1,-1,-1
312,35,450.27,175.96,39.68,121.04,1,-1,-1,-1
313,12,495.75,103.62,116.05,350.17,1,-1,-1,-1
313,27,398.81,147.18,55.68,169.05,1,-1,-1,-1
313,33,370.16,187.24,43.78,133.34,1,-1,-1,-1
313,35,442.83,169.03,43.55,132.65,1,-1,-1,-1
314,12,491.91,98.93,120.11,362.34,1,-1,-1,-1
314,27,398.26,147.37,55.90,169.70,1,-1,-1,-1
314,33,370.02,185.78,44.74,136.21,1,-1,-1,-1
314,35,439.78,174.24,40.62,123.84,1,-1,-1,-1
314,34,154.70,75.98,131.30,395.90,1,-1,-1,-1
315,12,490.07,97.11,121.65,366.95,1,-1,-1,-1
315,27,391.39,99.17,79.15,239.45,1,-1,-1,-1
315,33,374.30,187.44,47.29,143.86,1,-1,-1,-1
315,34,145.39,84.24,135.84,409.51,1,-1,-1,-1
316,12,494.72,84.47,127.63,384.88,1,-1,-1,-1
316,27,383.40,120.30,74.47,225.37,1,-1,-1,-1
316,33,382.28,188.05,48.22,146.67,1,-1,-1,-1
316,34,149.37,70.62,144.03,434.07,1,-1,-1,-1
316,37,26.64,134.07,63.11,191.33,1,-1,-1,-1
316,23,316.33,138.01,65.61,198.83,1,-1,-1,-1
317,12,501.22,65.62,135.75,409.25,1,-1,-1,-1
317,33,392.03,189.25,44.37,135.10,1,-1,-1,-1
317,34,136.71,47.20,154.09,464.28,1,-1,-1,-1
317,37,26.91,131.72,63.77,193.31,1,-1,-1,-1
317,23,315.62,142.41,64.28,194.83,1,-1,-1,-1
318,33,401.48,189.69,42.77,130.31,1,-1,-1,-1
318,34,149.92,67.94,138.45,417.34,1,-1,-1,-1
318,37,34.97,133.51,60.66,183.99,1,-1,-1,-1
318,23,324.29,143.76,63.86,193.57,1,-1,-1,-1
319,34,150.74,63.86,145.14,437.40,1,-1,-1,-1
319,37,35.68,144.64,56.54,171.62,1,-1,-1,-1
319,23,327.27,144.22,63.72,193.17,1,-1,-1,-1
319,35,422.69,180.16,51.13,155.39,1,-1,-1,-1
320,34,181.07,59.84,140.85,424.54,1,-1,-1,-1
320,37,37.54,137.75,58.39,177.17,1,-1,-1,-1
320,23,340.45,128.71,70.12,212.37,1,-1,-1,-1
320,35,433.64,174.41,54.43,165.29,1,-1,-1,-1
321,34,192.77,58.16,139.14,419.42,1,-1,-1,-1
321,37,52.37,137.25,56.12,170.35,1,-1,-1,-1
321,23,357.23,126.87,69.25,209.75,1,-1,-1,-1
321,35,446.11,171.61,53.30,161.90,1,-1,-1,-1
322,34,205.54,55.00,132.27,398.82,1,-1,-1,-1
322,37,65.55,128.99,55.37,168.12,1,-1,-1,-1
322,35,457.91,133.54,70.41,213.24,1,-1,-1,-1
322,39,470.74,150.11,60.26,182.77,1,-1,-1,-1
322,27,385.44,113.16,78.85,238.54,1,-1,-1,-1
323,34,220.15,37.37,136.05,410.13,1,-1,-1,-1
323,37,77.76,126.14,55.17,167.50,1,-1,-1,-1
323,35,462.03,148.17,53.11,161.26,1,-1,-1,-1
323,39,494.17,157.85,56.34,171.04,1,-1,-1,-1
323,40,146.56,115.36,63.98,193.94,1,-1,-1,-1
323,27,396.34,112.94,78.99,238.97,1,-1,-1,-1
324,34,232.55,47.08,131.22,395.66,1,-1,-1,-1
324,37,77.35,122.99,57.94,175.81,1,-1,-1,-1
324,35,469.42,152.44,45.70,139.08,1,-1,-1,-1
324,39,516.33,159.77,52.19,158.58,1,-1,-1,-1
324,40,145.36,88.88,75.56,228.67,1,-1,-1,-1
324,27,400.05,102.35,79.04,239.12,1,-1,-1,-1
325,34,240.18,35.99,142.44,429.29,1,-1,-1,-1
325,37,85.13,121.91,58.94,178.83,1,-1,-1,-1
325,39,542.03,160.05,54.34,165.01,1,-1,-1,-1
325,40,133.60,79.71,79.56,240.69,1,-1,-1,-1
325,27,411.88,98.38,79.05,239.16,1,-1,-1,-1
325,23,405.75,35.39,107.08,323.24,1,-1,-1,-1
326,34,242.88,32.05,146.42,441.24,1,-1,-1,-1
326,37,79.72,121.58,59.34,180.02,1,-1,-1,-1
326,39,550.91,148.72,61.16,185.48,1,-1,-1,-1
326,40,123.41,81.39,84.66,255.98,1,-1,-1,-1
326,27,426.80,96.93,79.05,239.16,1,-1,-1,-1
326,23,411.03,24.85,111.45,336.35,1,-1,-1,-1
327,34,251.29,29.28,141.46,426.38,1,-1,-1,-1
327,37,78.16,132.15,54.28,164.83,1,-1,-1,-1
327,39,562.44,144.90,63.46,192.37,1,-1,-1,-1
327,40,108.23,82.51,86.30,260.91,1,-1,-1,-1
327,27,430.18,89.69,82.83,250.49,1,-1,-1,-1
328,34,266.11,29.63,146.11,440.32,1,-1,-1,-1
328,39,573.32,145.24,61.35,186.03,1,-1,-1,-1
328,40,95.34,75.17,90.79,274.38,1,-1,-1,-1
328,27,431.35,87.01,84.24,254.71,1,-1,-1,-1
329,34,271.40,29.80,147.81,445.41,1,-1,-1,-1
329,39,576.40,145.54,60.43,183.29,1,-1,-1,-1
329,40,69.25,63.14,96.67,292.01,1,-1,-1,-1
329,27,434.66,81.54,93.06,281.17,1,-1,-1,-1
330,34,279.56,46.84,141.89,427.66,1,-1,-1,-1
330,39,559.31,112.11,73.22,221.65,1,-1,-1,-1
330,40,46.70,58.66,98.82,298.45,1,-1,-1,-1
330,27,440.76,87.75,92.21,278.64,1,-1,-1,-1
331,34,282.28,34.95,139.55,420.63,1,-1,-1,-1
331,39,556.70,94.03,81.26,245.78,1,-1,-1,-1
331,40,26.34,59.94,104.03,314.09,1,-1,-1,-1
331,27,447.52,93.13,84.06,254.19,1,-1,-1,-1
332,34,276.42,31.89,145.34,438.00,1,-1,-1,-1
332,39,562.19,93.03,80.99,244.97,1,-1,-1,-1
332,40,5.29,49.11,110.78,334.33,1,-1,-1,-1
332,27,448.46,88.46,84.63,255.90,1,-1,-1,-1
333,34,274.15,30.79,147.46,444.37,1,-1,-1,-1
333,39,564.02,93.10,80.68,244.03,1,-1,-1,-1
333,40,-2.70,43.05,108.56,327.66,1,-1,-1,-1
333,27,457.72,78.77,88.89,268.66,1,-1,-1,-1
334,34,273.02,30.41,148.26,446.76,1,-1,-1,-1
334,39,571.62,103.37,73.76,223.27,1,-1,-1,-1
334,40,22.22,102.50,73.17,221.46,1,-1,-1,-1
334,27,456.95,78.60,94.73,286.18,1,-1,-1,-1
334,42,406.66,118.94,74.71,226.14,1,-1,-1,-1
335,34,264.04,31.72,155.56,468.67,1,-1,-1,-1
335,39,574.18,107.89,70.84,214.50,1,-1,-1,-1
335,40,31.27,117.47,62.95,190.85,1,-1,-1,-1
335,27,460.63,75.22,92.75,280.26,1,-1,-1,-1
335,42,414.77,114.28,78.08,236.23,1,-1,-1,-1
336,34,268.78,30.85,151.38,456.13,1,-1,-1,-1
336,39,584.20,100.37,69.73,211.17,1,-1,-1,-1
336,40,26.19,108.88,63.35,192.04,1,-1,-1,-1
336,27,461.89,73.98,91.88,277.64,1,-1,-1,-1
336,42,417.39,125.04,79.16,239.48,1,-1,-1,-1
337,34,258.61,29.24,143.03,431.08,1,-1,-1,-1
337,40,23.46,109.82,60.44,183.33,1,-1,-1,-1
337,27,462.22,73.60,91.51,276.53,1,-1,-1,-1
338,34,258.13,9.93,153.75,463.24,1,-1,-1,-1
338,40,22.93,110.15,59.46,180.39,1,-1,-1,-1
338,27,474.29,73.52,91.34,276.03,1,-1,-1,-1
338,42,431.87,115.76,79.22,239.65,1,-1,-1,-1
339,34,266.15,3.11,150.63,453.87,1,-1,-1,-1
339,40,22.99,110.25,59.18,179.55,1,-1,-1,-1
339,27,478.75,73.57,91.25,275.76,1,-1,-1,-1
339,42,434.26,114.02,78.97,238.92,1,-1,-1,-1
340,34,260.87,0.56,156.39,471.15,1,-1,-1,-1
340,40,15.48,106.72,62.13,188.38,1,-1,-1,-1
340,27,489.89,64.16,95.54,288.61,1,-1,-1,-1
340,42,446.06,113.44,78.90,238.70,1,-1,-1,-1
341,34,267.12,19.07,151.56,456.66,1,-1,-1,-1
341,27,503.16,63.42,101.70,307.10,1,-1,-1,-1
341,42,460.34,106.97,82.82,250.47,1,-1,-1,-1
342,34,269.49,26.54,149.59,450.75,1,-1,-1,-1
342,27,516.94,51.65,108.89,328.68,1,-1,-1,-1
342,42,476.61,110.70,80.42,243.26,1,-1,-1,-1
343,34,295.32,28.03,142.20,428.60,1,-1,-1,-1
343,27,529.43,55.83,102.42,309.25,1,-1,-1,-1
343,42,482.42,112.19,79.46,240.39,1,-1,-1,-1
344,34,299.69,9.81,146.14,440.40,1,-1,-1,-1
344,27,547.14,57.80,99.59,300.76,1,-1,-1,-1
344,43,429.80,97.00,79.00,239.00,1,-1,-1,-1
345,34,327.08,20.42,134.82,406.45,1,-1,-1,-1
345,43,432.27,97.00,79.00,239.00,1,-1,-1,-1
345,44,59.90,109.10,60.50,183.50,1,-1,-1,-1
345,42,522.78,112.81,79.07,239.22,1,-1,-1,-1
346,34,325.20,6.94,150.95,454.83,1,-1,-1,-1
346,43,445.54,97.00,79.00,239.00,1,-1,-1,-1
346,44,70.77,119.42,59.82,181.45,1,-1,-1,-1
346,40,11.44,120.97,59.75,181.26,1,-1,-1,-1
346,27,554.93,98.78,93.02,281.05,1,-1,-1,-1
347,34,345.18,2.34,156.40,471.20,1,-1,-1,-1
347,44,88.24,125.22,56.40,171.19,1,-1,-1,-1
347,40,27.18,132.30,56.76,172.29,1,-1,-1,-1
348,34,347.09,0.60,165.98,499.94,1,-1,-1,-1
348,40,33.96,126.07,58.57,177.70,1,-1,-1,-1
349,34,376.50,19.07,155.46,468.38,1,-1,-1,-1
349,40,44.35,123.87,59.20,179.60,1,-1,-1,-1
349,46,209.00,161.00,39.00,119.00,1,-1,-1,-1
350,34,387.98,26.79,151.01,455.01,1,-1,-1,-1
350,40,46.13,125.11,56.76,172.29,1,-1,-1,-1
350,46,202.83,161.00,39.00,119.00,1,-1,-1,-1
351,40,48.91,123.40,58.57,177.73,1,-1,-1,-1
351,46,200.77,161.00,39.00,119.00,1,-1,-1,-1
352,46,194.30,161.00,39.00,119.00,1,-1,-1,-1
352,43,486.42,65.29,103.82,313.45,1,-1,-1,-1
353,46,192.33,155.21,39.00,119.00,1,-1,-1,-1
353,43,503.91,53.84,115.35,348.06,1,-1,-1,-1
353,44,146.49,110.97,59.51,180.54,1,-1,-1,-1
354,46,191.83,158.88,39.00,119.00,1,-1,-1,-1
354,43,510.78,49.35,119.90,361.71,1,-1,-1,-1
354,44,150.59,120.39,57.01,173.03,1,-1,-1,-1
355,44,136.39,131.44,56.10,170.32,1,-1,-1,-1
355,34,389.42,3.65,158.34,477.02,1,-1,-1,-1
356,44,130.98,127.82,55.77,169.32,1,-1,-1,-1
356,46,171.79,134.48,46.52,141.56,1,-1,-1,-1
357,44,128.77,126.44,55.65,168.94,1,-1,-1,-1
357,46,176.58,119.92,52.76,160.30,1,-1,-1,-1
358,44,127.77,125.90,55.60,168.80,1,-1,-1,-1
358,46,178.53,121.34,55.19,167.59,1,-1,-1,-1
359,44,127.25,140.75,55.58,168.74,1,-1,-1,-1
359,46,180.09,135.52,58.68,178.06,1,-1,-1,-1
359,34,388.10,29.29,159.00,478.99,1,-1,-1,-1
360,44,135.41,173.92,46.47,141.41,1,-1,-1,-1
360,46,185.90,149.36,55.10,167.30,1,-1,-1,-1
360,34,387.10,32.48,159.00,479.00,1,-1,-1,-1
361,44,138.37,165.14,49.96,151.86,1,-1,-1,-1
361,46,182.64,155.39,55.94,169.82,1,-1,-1,-1
361,34,386.77,33.55,159.00,479.00,1,-1,-1,-1
361,47,-3.53,124.33,90.22,272.67,1,-1,-1,-1
362,44,139.37,155.56,51.01,155.03,1,-1,-1,-1
362,46,180.45,157.63,53.78,163.34,1,-1,-1,-1
362,34,408.99,32.47,151.93,457.79,1,-1,-1,-1
362,47,-18.42,60.10,108.26,326.75,1,-1,-1,-1
363,44,140.05,158.23,49.09,149.28,1,-1,-1,-1
363,46,186.66,158.56,52.85,160.54,1,-1,-1,-1
363,34,394.45,33.38,156.44,471.30,1,-1,-1,-1
363,47,-21.77,54.08,108.13,326.37,1,-1,-1,-1
363,40,101.35,174.49,45.25,137.75,1,-1,-1,-1
364,44,146.82,159.65,50.76,154.28,1,-1,-1,-1
364,46,190.60,158.96,54.96,166.87,1,-1,-1,-1
364,34,389.15,33.68,158.07,476.20,1,-1,-1,-1
365,44,141.26,160.15,53.87,163.61,1,-1,-1,-1
365,46,192.09,159.12,55.72,169.17,1,-1,-1,-1
365,34,387.02,33.73,158.69,478.08,1,-1,-1,-1
366,44,139.10,152.96,55.04,167.12,1,-1,-1,-1
366,46,191.20,152.30,53.52,162.56,1,-1,-1,-1
366,34,388.87,32.28,151.87,457.61,1,-1,-1,-1
367,44,144.51,141.14,58.14,176.41,1,-1,-1,-1
367,46,199.94,141.66,55.11,167.33,1,-1,-1,-1
367,34,409.57,31.66,149.25,449.75,1,-1,-1,-1
368,44,154.31,136.62,59.31,179.92,1,-1,-1,-1
368,46,208.02,145.59,53.22,161.65,1,-1,-1,-1
368,34,412.76,11.40,163.18,491.53,1,-1,-1,-1
369,44,173.22,143.72,57.12,173.36,1,-1,-1,-1
369,46,221.41,153.77,50.08,152.24,1,-1,-1,-1
369,34,409.26,4.14,176.07,530.23,1,-1,-1,-1
369,47,16.24,66.26,85.64,258.91,1,-1,-1,-1
370,44,180.51,146.56,56.22,170.67,1,-1,-1,-1
370,46,230.25,157.43,51.26,155.78,1,-1,-1,-1
370,34,415.20,21.67,166.00,499.99,1,-1,-1,-1
370,47,21.77,64.52,99.85,301.50,1,-1,-1,-1
371,44,183.66,146.59,58.56,177.68,1,-1,-1,-1
371,46,240.32,158.74,51.68,157.04,1,-1,-1,-1
371,34,417.43,29.09,161.67,487.01,1,-1,-1,-1
371,47,23.51,64.00,102.70,310.08,1,-1,-1,-1
372,44,191.51,147.61,56.79,172.36,1,-1,-1,-1
372,46,248.05,151.81,54.33,164.99,1,-1,-1,-1
372,34,438.00,10.56,167.67,505.02,1,-1,-1,-1
372,47,23.93,63.87,103.87,313.59,1,-1,-1,-1
373,44,196.11,133.61,64.73,196.18,1,-1,-1,-1
373,46,253.73,156.50,52.86,160.58,1,-1,-1,-1
373,47,37.96,63.87,104.32,314.96,1,-1,-1,-1
374,44,207.94,149.26,57.01,173.03,1,-1,-1,-1
374,46,262.71,158.39,52.25,158.74,1,-1,-1,-1
374,47,43.09,63.91,104.49,315.48,1,-1,-1,-1
375,44,219.71,156.21,53.53,162.60,1,-1,-1,-1
375,46,270.95,151.63,54.52,165.56,1,-1,-1,-1
375,47,56.03,74.22,99.86,301.59,1,-1,-1,-1
376,44,226.99,158.15,49.89,151.68,1,-1,-1,-1
376,46,275.80,156.45,52.89,160.68,1,-1,-1,-1
376,47,63.54,67.73,102.88,310.63,1,-1,-1,-1
377,44,229.32,158.81,48.58,147.76,1,-1,-1,-1
377,46,277.39,158.38,52.23,158.68,1,-1,-1,-1
377,47,66.13,65.40,103.96,313.89,1,-1,-1,-1
378,44,229.76,151.84,53.13,161.39,1,-1,-1,-1
378,46,283.35,151.62,54.49,165.46,1,-1,-1,-1
378,47,66.87,64.52,104.38,315.14,1,-1,-1,-1
379,44,233.78,149.85,52.27,158.80,1,-1,-1,-1
379,46,286.87,156.45,52.85,160.55,1,-1,-1,-1
379,47,54.99,52.27,109.54,330.61,1,-1,-1,-1
379,49,448.57,176.10,39.57,120.72,1,-1,-1,-1
380,44,235.06,156.08,51.92,157.75,1,-1,-1,-1
380,46,286.51,150.90,54.71,166.12,1,-1,-1,-1
380,47,48.48,59.44,106.55,321.64,1,-1,-1,-1
380,49,454.29,186.56,33.23,101.70,1,-1,-1,-1
381,44,235.35,158.42,51.79,157.37,1,-1,-1,-1
381,46,294.58,156.20,52.92,160.74,1,-1,-1,-1
381,47,47.74,65.40,110.35,333.05,1,-1,-1,-1
381,49,457.01,179.18,37.70,115.06,1,-1,-1,-1
381,50,519.20,169.61,51.07,155.22,1,-1,-1,-1
382,44,235.29,159.27,51.75,157.24,1,-1,-1,-1
382,46,297.43,157.81,49.84,151.53,1,-1,-1,-1
382,47,33.75,54.99,117.03,353.09,1,-1,-1,-1
382,50,520.89,161.88,54.47,165.43,1,-1,-1,-1
382,51,284.64,105.50,73.64,222.93,1,-1,-1,-1
383,44,244.40,165.60,49.39,150.17,1,-1,-1,-1
383,46,291.15,158.92,51.08,155.23,1,-1,-1,-1
383,47,27.33,63.45,114.36,345.07,1,-1,-1,-1
383,50,522.21,158.57,58.70,178.12,1,-1,-1,-1
383,51,284.64,105.50,73.64,222.93,1,-1,-1,-1
384,44,245.34,161.82,50.89,154.67,1,-1,-1,-1
384,46,288.86,159.31,51.52,156.55,1,-1,-1,-1
384,47,23.75,63.94,108.23,326.68,1,-1,-1,-1
384,50,518.36,144.63,66.47,201.43,1,-1,-1,-1
384,51,275.58,98.89,77.81,235.43,1,-1,-1,-1
385,44,241.39,159.95,49.10,149.30,1,-1,-1,-1
385,46,286.43,152.00,54.19,164.57,1,-1,-1,-1
385,47,22.40,64.13,105.83,319.50,1,-1,-1,-1
385,50,519.89,142.08,66.15,200.45,1,-1,-1,-1
385,51,272.74,96.81,79.12,239.36,1,-1,-1,-1
386,44,240.46,152.12,53.34,162.02,1,-1,-1,-1
386,46,285.47,149.27,55.19,167.57,1,-1,-1,-1
386,47,7.83,54.31,115.44,348.32,1,-1,-1,-1
386,50,520.54,141.55,65.69,199.07,1,-1,-1,-1
386,51,273.63,88.95,83.56,252.68,1,-1,-1,-1
387,44,239.34,156.11,50.13,152.40,1,-1,-1,-1
387,46,285.01,148.22,55.57,168.70,1,-1,-1,-1
387,47,15.21,95.43,104.31,314.91,1,-1,-1,-1
387,50,517.78,139.16,68.50,207.49,1,-1,-1,-1
387,51,274.06,74.61,85.07,257.22,1,-1,-1,-1
388,44,235.90,158.27,51.19,155.57,1,-1,-1,-1
388,46,284.76,147.85,55.70,169.09,1,-1,-1,-1
388,47,26.89,141.09,86.99,262.98,1,-1,-1,-1
388,50,521.42,135.17,72.75,220.24,1,-1,-1,-1
388,51,262.80,80.93,85.53,258.59,1,-1,-1,-1
389,44,237.37,165.04,49.24,149.73,1,-1,-1,-1
389,46,284.61,155.15,55.73,169.20,1,-1,-1,-1
389,47,8.33,118.58,98.99,298.94,1,-1,-1,-1
389,50,526.37,129.67,77.76,235.28,1,-1,-1,-1
389,51,257.81,90.45,81.76,247.27,1,-1,-1,-1
390,44,227.98,161.53,50.87,154.60,1,-1,-1,-1
390,46,279.00,157.93,53.25,161.74,1,-1,-1,-1
390,50,528.33,127.62,79.66,240.97,1,-1,-1,-1
390,51,257.00,79.02,88.30,266.90,1,-1,-1,-1
391,44,221.29,159.75,49.14,149.42,1,-1,-1,-1
391,46,269.71,158.99,52.27,158.82,1,-1,-1,-1
391,50,520.52,115.65,87.91,265.72,1,-1,-1,-1
391,51,244.80,74.97,90.61,273.84,1,-1,-1,-1
392,44,214.96,159.53,50.84,154.51,1,-1,-1,-1
392,46,267.65,172.01,49.56,150.67,1,-1,-1,-1
392,50,515.95,103.71,95.18,287.54,1,-1,-1,-1
392,51,247.80,116.39,76.95,232.83,1,-1,-1,-1
393,44,212.83,164.09,46.98,142.93,1,-1,-1,-1
393,46,258.38,164.02,50.94,154.82,1,-1,-1,-1
393,50,514.08,98.97,98.05,296.16,1,-1,-1,-1
393,51,239.45,77.45,91.39,276.13,1,-1,-1,-1
394,44,215.71,167.25,47.71,145.12,1,-1,-1,-1
394,46,255.10,161.15,51.44,156.31,1,-1,-1,-1
394,50,518.52,92.22,108.30,326.91,1,-1,-1,-1
394,51,238.95,82.01,87.93,265.79,1,-1,-1,-1
395,44,206.03,162.31,50.32,152.95,1,-1,-1,-1
395,46,255.74,159.55,49.30,149.89,1,-1,-1,-1
395,50,527.31,94.54,103.28,311.82,1,-1,-1,-1
395,51,246.14,101.26,75.63,228.88,1,-1,-1,-1
396,44,202.47,160.46,51.29,155.87,1,-1,-1,-1
396,46,256.09,158.91,48.48,147.44,1,-1,-1,-1
396,50,523.72,90.80,110.26,332.76,1,-1,-1,-1
396,51,232.18,46.91,101.13,305.34,1,-1,-1,-1
397,44,198.82,165.68,49.35,150.06,1,-1,-1,-1
397,46,254.45,159.19,50.57,153.71,1,-1,-1,-1
397,50,522.37,89.42,112.87,340.59,1,-1,-1,-1
397,51,233.72,40.18,100.19,302.53,1,-1,-1,-1
398,44,194.41,161.66,53.48,162.45,1,-1,-1,-1
398,46,250.96,159.32,53.82,163.45,1,-1,-1,-1
398,50,521.44,64.62,124.43,375.30,1,-1,-1,-1
398,51,234.83,37.80,99.44,300.28,1,-1,-1,-1
399,44,202.13,166.03,50.27,152.80,1,-1,-1,-1
399,46,254.30,165.21,50.33,152.98,1,-1,-1,-1
399,51,228.87,26.29,108.51,327.52,1,-1,-1,-1
400,44,203.34,161.75,53.83,163.48,1,-1,-1,-1
400,46,250.96,161.50,53.82,163.46,1,-1,-1,-1
400,51,232.99,32.52,102.72,310.14,1,-1,-1,-1
401,44,201.79,160.19,52.65,159.96,1,-1,-1,-1
401,46,245.83,160.16,52.61,159.82,1,-1,-1,-1
401,51,224.57,46.00,95.73,289.18,1,-1,-1,-1
402,44,195.81,152.14,54.66,165.98,1,-1,-1,-1
402,46,246.15,159.12,49.77,151.30,1,-1,-1,-1
402,51,218.91,40.91,97.37,294.08,1,-1,-1,-1
403,44,198.95,156.46,52.94,160.83,1,-1,-1,-1
403,46,246.36,165.37,48.68,148.05,1,-1,-1,-1
403,51,216.91,39.13,97.93,295.78,1,-1,-1,-1
404,44,200.28,158.22,52.24,158.73,1,-1,-1,-1
404,46,246.49,167.63,48.30,146.89,1,-1,-1,-1
404,51,216.28,38.61,98.10,296.28,1,-1,-1,-1
405,44,195.36,151.42,54.49,165.46,1,-1,-1,-1
405,46,246.59,161.85,48.16,146.50,1,-1,-1,-1
405,51,216.17,38.57,98.11,296.31,1,-1,-1,-1
406,44,196.58,155.75,50.56,153.66,1,-1,-1,-1
406,46,244.38,160.18,50.48,153.45,1,-1,-1,-1
406,51,216.24,25.74,98.07,296.18,1,-1,-1,-1
407,44,197.17,157.55,48.96,148.88,1,-1,-1,-1
407,46,247.57,152.22,53.81,163.44,1,-1,-1,-1
407,51,212.71,21.91,102.66,309.97,1,-1,-1,-1
408,44,199.84,151.60,50.77,154.31,1,-1,-1,-1
408,46,251.68,149.63,52.65,159.95,1,-1,-1,-1
408,51,211.44,20.57,104.36,315.08,1,-1,-1,-1
409,44,200.81,149.46,51.43,156.28,1,-1,-1,-1
409,46,253.37,148.66,52.16,158.47,1,-1,-1,-1
409,51,214.66,19.29,100.38,303.13,1,-1,-1,-1
410,44,194.25,148.68,51.68,157.03,1,-1,-1,-1
410,46,247.05,148.34,51.96,157.89,1,-1,-1,-1
410,51,202.98,19.01,98.74,298.22,1,-1,-1,-1
411,44,189.87,154.89,49.44,150.32,1,-1,-1,-1
411,46,244.67,148.26,51.89,157.66,1,-1,-1,-1
411,51,198.70,19.03,98.10,296.30,1,-1,-1,-1
412,44,186.00,162.58,46.36,141.09,1,-1,-1,-1
412,46,239.57,154.74,49.52,150.56,1,-1,-1,-1
412,51,192.59,20.09,102.52,309.57,1,-1,-1,-1
413,44,180.20,160.09,47.49,144.46,1,-1,-1,-1
413,46,237.67,157.27,48.61,147.83,1,-1,-1,-1
413,51,184.55,6.84,109.08,329.22,1,-1,-1,-1
414,44,178.19,159.21,47.89,145.66,1,-1,-1,-1
414,46,234.24,151.63,50.65,153.95,1,-1,-1,-1
414,51,179.14,14.41,102.20,308.58,1,-1,-1,-1
415,44,177.53,158.86,48.05,146.15,1,-1,-1,-1
415,46,226.11,149.57,51.40,156.19,1,-1,-1,-1
415,51,171.63,18.73,103.99,313.97,1,-1,-1,-1
416,44,170.83,158.72,48.12,146.36,1,-1,-1,-1
416,46,226.23,155.25,49.36,150.09,1,-1,-1,-1
416,51,168.98,20.33,104.63,315.89,1,-1,-1,-1
417,44,168.40,158.67,48.15,146.46,1,-1,-1,-1
417,46,218.66,150.44,53.48,162.44,1,-1,-1,-1
417,51,160.72,20.08,100.21,302.63,1,-1,-1,-1
418,44,167.58,158.64,48.17,146.52,1,-1,-1,-1
418,46,211.45,137.72,60.35,183.07,1,-1,-1,-1
418,51,157.76,20.07,98.46,297.38,1,-1,-1,-1
419,44,166.02,163.81,46.00,139.99,1,-1,-1,-1
419,46,214.15,150.07,53.18,161.53,1,-1,-1,-1
419,51,156.83,20.11,97.81,295.43,1,-1,-1,-1
420,44,165.55,165.77,45.18,137.53,1,-1,-1,-1
420,46,209.01,155.66,49.93,151.80,1,-1,-1,-1
420,51,181.54,81.20,78.38,237.13,1,-1,-1,-1
421,44,159.29,166.46,44.89,136.67,1,-1,-1,-1
421,46,204.12,156.74,46.54,141.60,1,-1,-1,-1
422,44,151.39,161.45,47.01,143.02,1,-1,-1,-1
422,46,202.49,157.13,45.31,137.92,1,-1,-1,-1
422,56,502.44,28.86,138.29,416.86,1,-1,-1,-1
423,44,148.09,158.71,45.63,138.89,1,-1,-1,-1
423,46,198.48,151.50,47.13,143.39,1,-1,-1,-1
423,56,496.59,27.42,131.10,395.29,1,-1,-1,-1
424,44,146.99,157.64,45.10,137.29,1,-1,-1,-1
424,46,194.46,155.10,45.61,138.82,1,-1,-1,-1
424,56,478.45,28.44,136.18,410.52,1,-1,-1,-1
425,44,140.57,157.25,44.91,136.72,1,-1,-1,-1
425,46,190.16,161.03,42.96,130.87,1,-1,-1,-1
425,56,452.59,28.75,137.76,415.27,1,-1,-1,-1
425,51,170.93,120.68,60.71,184.14,1,-1,-1,-1
426,44,132.18,157.12,44.85,136.54,1,-1,-1,-1
426,46,185.57,161.23,40.03,122.10,1,-1,-1,-1
426,56,444.39,28.86,138.29,416.86,1,-1,-1,-1
426,51,170.26,125.54,56.39,171.19,1,-1,-1,-1
427,44,129.15,155.83,42.79,130.37,1,-1,-1,-1
427,46,177.58,152.27,43.15,131.44,1,-1,-1,-1
427,56,439.54,27.58,131.89,397.68,1,-1,-1,-1
427,51,169.49,121.56,61.25,185.75,1,-1,-1,-1
428,44,127.81,159.19,40.08,122.25,1,-1,-1,-1
428,46,174.87,149.25,44.19,134.58,1,-1,-1,-1
428,56,420.26,27.11,129.56,390.69,1,-1,-1,-1
429,44,122.05,156.56,41.09,125.26,1,-1,-1,-1
429,46,171.95,152.94,42.59,129.75,1,-1,-1,-1
429,56,408.09,40.34,117.10,353.31,1,-1,-1,-1
430,44,114.38,155.64,41.45,126.33,1,-1,-1,-1
430,46,166.97,149.49,44.05,134.15,1,-1,-1,-1
430,56,400.26,42.99,107.25,323.76,1,-1,-1,-1
430,51,157.85,108.39,63.48,192.44,1,-1,-1,-1
431,44,110.88,150.44,43.65,132.94,1,-1,-1,-1
431,46,163.60,153.07,42.56,129.68,1,-1,-1,-1
431,56,386.47,45.95,109.58,330.72,1,-1,-1,-1
432,44,103.68,148.53,44.47,135.40,1,-1,-1,-1
432,46,162.53,154.50,41.99,127.98,1,-1,-1,-1
432,56,366.57,46.88,110.38,333.13,1,-1,-1,-1
433,44,101.07,147.83,44.79,136.37,1,-1,-1,-1
433,46,160.33,153.47,39.88,121.63,1,-1,-1,-1
433,56,343.36,59.45,105.63,318.89,1,-1,-1,-1
434,44,95.81,152.41,42.89,130.67,1,-1,-1,-1
434,46,155.85,154.68,41.06,125.16,1,-1,-1,-1
434,56,321.01,63.96,104.03,314.09,1,-1,-1,-1
435,44,94.02,154.23,42.16,128.47,1,-1,-1,-1
435,46,149.47,150.26,43.52,132.56,1,-1,-1,-1
436,44,91.89,150.02,43.95,133.85,1,-1,-1,-1
436,46,147.18,142.65,44.45,135.33,1,-1,-1,-1
437,44,91.19,148.50,44.61,135.82,1,-1,-1,-1
437,46,145.62,144.87,42.80,130.39,1,-1,-1,-1
438,44,87.05,147.10,42.84,130.53,1,-1,-1,-1
438,46,145.23,145.81,42.15,128.45,1,-1,-1,-1
439,44,83.61,141.30,44.21,134.64,1,-1,-1,-1
439,46,139.49,146.19,41.92,127.74,1,-1,-1,-1
442,58,274.87,60.72,106.08,320.23,1,-1,-1,-1
443,58,273.04,49.37,110.83,334.49,1,-1,-1,-1
443,60,364.15,144.53,53.44,162.34,1,-1,-1,-1
444,58,255.10,45.71,112.37,339.09,1,-1,-1,-1
444,60,355.11,147.11,54.99,166.98,1,-1,-1,-1
444,61,508.78,84.32,103.15,311.44,1,-1,-1,-1
444,51,144.60,152.31,39.40,120.20,1,-1,-1,-1
445,58,252.57,58.33,107.08,323.23,1,-1,-1,-1
445,60,351.63,139.66,55.58,168.76,1,-1,-1,-1
445,61,518.35,72.64,109.95,331.85,1,-1,-1,-1
445,51,144.72,153.36,38.81,118.42,1,-1,-1,-1
446,58,249.01,49.55,110.76,334.27,1,-1,-1,-1
446,60,350.70,145.29,55.74,169.23,1,-1,-1,-1
446,61,511.50,80.85,106.71,322.13,1,-1,-1,-1
446,51,144.63,153.82,38.56,117.67,1,-1,-1,-1
446,46,96.38,146.42,41.86,127.59,1,-1,-1,-1
447,58,243.52,32.03,117.62,354.86,1,-1,-1,-1
447,60,350.58,147.32,55.76,169.29,1,-1,-1,-1
447,61,483.33,79.97,100.01,302.01,1,-1,-1,-1
447,51,145.89,155.51,40.56,123.67,1,-1,-1,-1
447,46,100.78,150.86,39.89,121.66,1,-1,-1,-1
448,58,246.01,39.92,114.61,345.80,1,-1,-1,-1
448,60,342.88,138.49,58.57,177.73,1,-1,-1,-1
448,61,474.16,79.71,97.78,295.33,1,-1,-1,-1
448,51,145.15,154.44,39.33,119.99,1,-1,-1,-1
448,46,102.31,152.34,39.23,119.68,1,-1,-1,-1
449,58,247.36,43.33,113.29,341.87,1,-1,-1,-1
449,60,348.34,135.33,59.56,180.69,1,-1,-1,-1
449,61,480.78,83.72,102.21,308.62,1,-1,-1,-1
449,51,150.45,153.90,38.91,118.71,1,-1,-1,-1
449,46,102.97,152.87,38.99,118.98,1,-1,-1,-1
450,58,251.04,56.96,107.63,324.88,1,-1,-1,-1
450,60,350.08,131.91,62.80,190.42,1,-1,-1,-1
450,61,483.17,85.07,103.73,313.19,1,-1,-1,-1
450,51,157.84,153.65,38.78,118.34,1,-1,-1,-1
450,46,114.03,153.06,38.92,118.76,1,-1,-1,-1
451,58,252.61,62.13,105.47,318.42,1,-1,-1,-1
451,61,498.65,85.54,104.31,314.92,1,-1,-1,-1
451,51,162.45,155.10,40.71,124.13,1,-1,-1,-1
451,46,118.25,158.45,38.90,118.70,1,-1,-1,-1
452,58,253.25,63.97,104.71,316.14,1,-1,-1,-1
452,61,504.55,85.69,104.52,315.55,1,-1,-1,-1
452,51,169.75,155.60,41.42,126.25,1,-1,-1,-1
452,46,125.61,156.68,40.81,124.43,1,-1,-1,-1
453,58,250.54,52.37,109.58,330.72,1,-1,-1,-1
453,61,506.76,85.72,104.59,315.77,1,-1,-1,-1
453,51,180.74,154.20,39.80,121.38,1,-1,-1,-1
453,46,138.36,154.48,39.65,120.95,1,-1,-1,-1
454,58,249.59,48.14,111.35,336.04,1,-1,-1,-1
454,61,507.58,85.70,104.61,315.84,1,-1,-1,-1
454,51,190.20,159.00,39.18,119.53,1,-1,-1,-1
454,46,148.69,153.59,39.19,119.57,1,-1,-1,-1
455,58,266.15,58.47,107.02,323.06,1,-1,-1,-1
455,61,507.85,85.68,104.62,315.85,1,-1,-1,-1
455,51,197.02,156.93,40.89,124.66,1,-1,-1,-1
455,46,157.78,153.24,39.02,119.06,1,-1,-1,-1
456,58,270.66,50.35,110.42,333.26,1,-1,-1,-1
456,61,502.02,74.63,109.66,330.96,1,-1,-1,-1
456,51,206.48,159.86,39.63,120.89,1,-1,-1,-1
456,46,166.37,158.43,38.96,118.89,1,-1,-1,-1
457,58,272.27,62.29,111.65,336.95,1,-1,-1,-1
457,61,519.40,81.33,106.58,321.73,1,-1,-1,-1
457,51,215.25,160.96,39.15,119.43,1,-1,-1,-1
457,46,174.77,160.36,38.95,118.84,1,-1,-1,-1
458,58,269.71,54.13,117.46,354.36,1,-1,-1,-1
458,61,521.35,72.99,110.37,333.11,1,-1,-1,-1
458,51,218.29,161.33,38.97,118.92,1,-1,-1,-1
459,58,284.40,51.05,119.63,360.87,1,-1,-1,-1
459,61,513.06,80.75,106.81,322.43,1,-1,-1,-1
459,51,223.82,163.37,40.83,124.49,1,-1,-1,-1
460,58,286.81,52.12,126.09,380.27,1,-1,-1,-1
460,61,509.71,83.85,105.38,318.14,1,-1,-1,-1
460,51,231.67,167.42,39.65,120.93,1,-1,-1,-1
461,58,292.97,48.22,117.75,355.23,1,-1,-1,-1
461,61,508.45,85.00,104.84,316.53,1,-1,-1,-1
461,51,239.77,163.61,39.18,119.53,1,-1,-1,-1
462,58,296.24,58.75,109.17,329.51,1,-1,-1,-1
462,61,502.06,74.41,109.68,331.02,1,-1,-1,-1
462,51,242.56,162.15,39.01,119.03,1,-1,-1,-1
462,64,416.51,197.76,40.19,122.57,1,-1,-1,-1
463,58,294.23,52.61,116.63,351.87,1,-1,-1,-1
463,61,505.49,81.28,106.53,321.58,1,-1,-1,-1
463,51,243.44,163.51,40.86,124.58,1,-1,-1,-1
463,64,414.93,202.08,43.99,133.95,1,-1,-1,-1
464,58,293.55,50.48,119.21,359.61,1,-1,-1,-1
464,61,500.97,88.07,110.30,332.90,1,-1,-1,-1
464,51,243.60,162.10,39.68,121.02,1,-1,-1,-1
465,58,295.24,47.55,114.90,346.67,1,-1,-1,-1
465,61,490.98,78.98,116.98,352.93,1,-1,-1,-1
465,51,243.37,161.51,39.21,119.62,1,-1,-1,-1
466,58,293.70,48.59,118.57,357.70,1,-1,-1,-1
466,61,487.55,83.01,109.43,330.27,1,-1,-1,-1
466,51,243.12,161.28,39.03,119.10,1,-1,-1,-1
466,64,405.96,203.91,45.01,137.03,1,-1,-1,-1
467,58,289.77,51.26,125.59,378.76,1,-1,-1,-1
467,61,469.67,76.84,116.79,352.35,1,-1,-1,-1
467,51,242.89,161.18,38.97,118.92,1,-1,-1,-1
468,58,275.94,50.05,122.65,369.94,1,-1,-1,-1
468,61,458.01,71.51,114.17,344.50,1,-1,-1,-1
468,51,242.67,161.13,38.96,118.86,1,-1,-1,-1
469,58,265.83,34.75,127.12,383.36,1,-1,-1,-1
469,61,468.50,69.42,113.07,341.18,1,-1,-1,-1
470,58,266.52,27.94,123.13,371.38,1,-1,-1,-1
470,61,465.53,79.61,107.62,324.85,1,-1,-1,-1
470,51,242.60,156.66,41.21,125.63,1,-1,-1,-1
471,58,266.89,25.36,121.49,366.45,1,-1,-1,-1
471,61,464.55,83.55,105.52,318.55,1,-1,-1,-1
472,58,262.54,25.63,126.60,381.81,1,-1,-1,-1
472,61,441.15,73.89,109.83,331.49,1,-1,-1,-1
473,58,260.95,25.78,128.49,387.45,1,-1,-1,-1
473,61,434.95,90.40,101.82,307.46,1,-1,-1,-1
474,58,260.40,25.92,129.18,389.53,1,-1,-1,-1
474,61,429.72,111.66,89.96,271.88,1,-1,-1,-1
475,58,277.24,26.05,129.40,390.20,1,-1,-1,-1
476,58,278.93,27.38,135.56,408.67,1,-1,-1,-1
476,61,446.84,77.82,107.53,324.57,1,-1,-1,-1
477,58,287.57,25.59,126.23,380.69,1,-1,-1,-1
477,61,450.16,70.54,111.39,336.15,1,-1,-1,-1
478,58,282.66,27.37,134.47,405.39,1,-1,-1,-1
478,61,451.66,67.78,112.84,340.51,1,-1,-1,-1
479,58,285.65,26.80,131.36,396.09,1,-1,-1,-1
479,61,446.39,77.58,108.41,327.21,1,-1,-1,-1
480,58,274.16,25.48,124.31,374.92,1,-1,-1,-1
480,61,444.39,81.71,106.51,321.54,1,-1,-1,-1
480,65,532.04,76.70,98.91,298.71,1,-1,-1,-1
481,58,265.13,26.19,127.43,384.30,1,-1,-1,-1
481,61,429.79,83.36,105.74,319.21,1,-1,-1,-1
481,65,512.94,67.00,103.34,312.02,1,-1,-1,-1
482,58,261.90,26.46,128.55,387.66,1,-1,-1,-1
482,61,429.42,73.15,110.39,333.16,1,-1,-1,-1
482,65,517.31,67.36,110.58,333.74,1,-1,-1,-1
483,58,268.36,39.27,117.90,355.69,1,-1,-1,-1
483,61,429.34,84.02,112.10,338.29,1,-1,-1,-1
483,65,502.90,67.72,112.86,340.58,1,-1,-1,-1
484,58,255.53,44.32,113.71,343.12,1,-1,-1,-1
484,61,414.73,88.39,112.70,340.09,1,-1,-1,-1
484,65,497.98,68.01,113.42,342.24,1,-1,-1,-1
485,58,246.68,48.28,117.77,355.30,1,-1,-1,-1
485,61,409.18,90.14,112.87,340.59,1,-1,-1,-1
485,65,496.57,68.21,113.43,342.27,1,-1,-1,-1
486,58,247.80,47.51,113.86,343.58,1,-1,-1,-1
486,61,394.59,79.23,118.19,356.55,1,-1,-1,-1
486,65,488.01,79.67,108.11,326.33,1,-1,-1,-1
487,58,244.10,49.31,117.87,355.59,1,-1,-1,-1
487,61,387.01,86.56,114.94,346.80,1,-1,-1,-1
487,65,485.17,84.00,105.98,319.95,1,-1,-1,-1
488,58,236.04,45.79,108.98,328.94,1,-1,-1,-1
488,61,384.29,89.57,113.54,342.60,1,-1,-1,-1
488,65,484.40,85.50,105.18,317.55,1,-1,-1,-1
489,58,233.09,44.31,105.53,318.59,1,-1,-1,-1
489,61,389.59,96.00,103.30,311.90,1,-1,-1,-1
489,65,477.29,90.09,110.01,332.01,1,-1,-1,-1
490,58,232.15,43.75,104.36,315.07,1,-1,-1,-1
490,61,371.35,80.92,114.84,346.49,1,-1,-1,-1
490,65,467.75,87.72,106.75,322.25,1,-1,-1,-1
491,58,234.73,54.93,99.22,299.65,1,-1,-1,-1
491,61,363.98,87.17,113.55,342.62,1,-1,-1,-1
491,65,456.33,90.74,110.52,333.55,1,-1,-1,-1
492,61,369.39,95.06,103.31,311.92,1,-1,-1,-1
492,65,452.30,76.93,111.88,337.63,1,-1,-1,-1
493,61,361.43,103.01,104.08,314.24,1,-1,-1,-1
493,65,444.97,82.46,107.38,324.13,1,-1,-1,-1
494,61,360.82,95.76,109.40,330.19,1,-1,-1,-1
494,65,442.49,84.61,105.58,318.75,1,-1,-1,-1
495,61,372.40,89.11,106.43,321.27,1,-1,-1,-1
495,65,441.80,85.39,104.91,316.74,1,-1,-1,-1
495,58,219.62,28.08,117.92,355.75,1,-1,-1,-1
496,61,380.34,90.51,110.27,332.81,1,-1,-1,-1
496,65,441.76,85.65,104.67,316.00,1,-1,-1,-1
496,58,223.24,23.82,115.02,347.04,1,-1,-1,-1
497,61,380.27,100.87,106.73,322.18,1,-1,-1,-1
497,65,448.07,74.70,109.62,330.84,1,-1,-1,-1
497,58,224.88,22.33,113.74,343.21,1,-1,-1,-1
498,61,383.43,94.90,110.37,333.10,1,-1,-1,-1
498,65,450.49,70.64,111.45,336.33,1,-1,-1,-1
498,58,229.50,20.91,108.23,326.68,1,-1,-1,-1
499,61,370.95,81.10,117.00,353.00,1,-1,-1,-1
499,65,451.57,69.10,112.13,338.39,1,-1,-1,-1
500,61,376.68,83.38,109.42,330.24,1,-1,-1,-1
500,65,459.91,79.42,107.40,324.20,1,-1,-1,-1
501,61,368.26,76.57,116.78,352.32,1,-1,-1,-1
501,65,455.28,72.39,110.61,333.81,1,-1,-1,-1
501,58,200.46,26.38,133.79,403.36,1,-1,-1,-1
502,61,378.75,85.60,114.16,344.46,1,-1,-1,-1
502,65,459.01,73.03,117.08,353.23,1,-1,-1,-1
502,58,186.25,28.84,143.83,433.50,1,-1,-1,-1
503,61,383.05,89.30,113.05,341.14,1,-1,-1,-1
503,65,462.83,80.82,109.41,330.23,1,-1,-1,-1
504,61,381.63,86.71,107.60,324.80,1,-1,-1,-1
504,65,471.64,72.89,111.31,335.93,1,-1,-1,-1
505,61,381.10,85.73,105.50,318.51,1,-1,-1,-1
505,65,474.81,70.04,111.99,337.96,1,-1,-1,-1
506,61,380.92,85.39,104.74,316.23,1,-1,-1,-1
506,65,476.00,68.98,112.23,338.69,1,-1,-1,-1
507,61,380.87,85.28,104.48,315.44,1,-1,-1,-1
507,65,476.42,68.62,112.31,338.92,1,-1,-1,-1
508,61,383.96,74.22,109.45,330.33,1,-1,-1,-1
508,65,476.54,68.51,112.32,338.96,1,-1,-1,-1
509,61,382.07,80.96,106.34,321.01,1,-1,-1,-1
509,65,476.56,68.50,112.31,338.93,1,-1,-1,-1
510,61,386.66,75.91,115.57,348.71,1,-1,-1,-1
510,65,476.54,68.52,112.30,338.89,1,-1,-1,-1
511,61,383.18,81.59,108.84,328.52,1,-1,-1,-1
511,65,476.50,68.56,112.28,338.84,1,-1,-1,-1
512,61,384.85,88.06,111.09,335.26,1,-1,-1,-1
512,65,476.47,68.59,112.27,338.79,1,-1,-1,-1
513,65,483.30,79.56,107.25,323.74,1,-1,-1,-1
514,65,485.89,83.78,105.32,317.95,1,-1,-1,-1
515,65,486.79,85.29,104.63,315.89,1,-1,-1,-1
516,65,495.23,89.85,109.46,330.36,1,-1,-1,-1
516,58,100.39,79.79,98.56,297.68,1,-1,-1,-1
517,65,498.30,91.50,111.24,335.70,1,-1,-1,-1
517,58,114.32,80.59,97.14,293.40,1,-1,-1,-1
518,58,116.85,81.08,96.61,291.81,1,-1,-1,-1
519,58,123.76,70.32,101.47,306.39,1,-1,-1,-1
521,69,192.83,23.29,140.29,422.86,1,-1,-1,-1
522,69,195.32,27.66,138.72,418.15,1,-1,-1,-1
523,69,196.11,29.05,138.22,416.66,1,-1,-1,-1
524,69,206.88,8.25,145.69,439.06,1,-1,-1,-1
525,69,209.54,19.97,134.39,405.17,1,-1,-1,-1
525,58,128.42,80.17,80.19,242.58,1,-1,-1,-1
526,69,210.90,5.83,144.17,434.48,1,-1,-1,-1
526,58,143.36,75.98,87.86,265.55,1,-1,-1,-1
527,69,211.34,1.27,147.31,443.93,1,-1,-1,-1
527,58,147.14,74.96,89.62,270.86,1,-1,-1,-1
528,69,211.33,-0.25,148.45,447.33,1,-1,-1,-1
528,58,153.35,82.71,86.23,260.70,1,-1,-1,-1
529,69,231.22,-0.63,148.81,448.41,1,-1,-1,-1
529,58,163.10,89.88,89.14,269.42,1,-1,-1,-1
529,70,129.53,164.85,45.61,138.82,1,-1,-1,-1
530,69,238.58,-0.61,148.88,448.63,1,-1,-1,-1
530,58,170.55,99.70,86.12,260.36,1,-1,-1,-1
530,70,119.79,160.53,50.45,153.35,1,-1,-1,-1
531,69,230.49,18.08,142.20,428.58,1,-1,-1,-1
531,58,173.20,103.38,84.98,256.93,1,-1,-1,-1
531,70,108.76,159.11,52.04,158.10,1,-1,-1,-1
531,71,381.02,106.56,104.56,315.68,1,-1,-1,-1
532,69,234.62,24.09,133.27,401.80,1,-1,-1,-1
532,70,97.54,158.78,52.40,159.21,1,-1,-1,-1
532,71,381.02,106.56,104.56,315.68,1,-1,-1,-1
533,69,228.34,27.58,136.39,411.17,1,-1,-1,-1
533,70,82.82,150.78,55.10,167.31,1,-1,-1,-1
533,71,367.03,94.85,110.46,333.37,1,-1,-1,-1
534,69,216.84,10.20,144.17,434.51,1,-1,-1,-1
534,70,65.29,146.94,58.76,178.29,1,-1,-1,-1
534,71,357.19,96.98,101.64,306.92,1,-1,-1,-1
535,69,212.53,3.74,147.07,443.19,1,-1,-1,-1
535,70,44.79,135.36,62.94,190.82,1,-1,-1,-1
535,71,354.26,98.19,98.30,296.90,1,-1,-1,-1
536,69,210.83,1.28,148.17,446.49,1,-1,-1,-1
536,70,30.02,127.99,67.50,204.50,1,-1,-1,-1
536,71,342.63,92.90,107.89,325.64,1,-1,-1,-1
536,72,423.24,85.45,104.56,315.68,1,-1,-1,-1
536,73,120.82,150.23,47.88,145.65,1,-1,-1,-1
537,69,210.19,0.41,148.55,447.65,1,-1,-1,-1
537,70,16.35,111.93,72.41,219.23,1,-1,-1,-1
537,71,338.81,91.16,111.04,335.10,1,-1,-1,-1
537,72,423.24,85.45,104.56,315.68,1,-1,-1,-1
537,73,117.77,140.36,51.09,155.27,1,-1,-1,-1
538,69,209.95,0.16,148.67,447.99,1,-1,-1,-1
538,70,1.87,104.62,81.29,245.88,1,-1,-1,-1
538,71,337.73,90.62,112.20,338.60,1,-1,-1,-1
538,72,423.24,85.45,104.56,315.68,1,-1,-1,-1
538,73,116.91,137.56,52.00,157.99,1,-1,-1,-1
539,69,209.87,0.13,148.68,448.02,1,-1,-1,-1
539,70,-3.72,111.99,77.95,235.86,1,-1,-1,-1
539,71,336.55,86.49,107.52,324.57,1,-1,-1,-1
539,72,429.00,73.02,110.25,332.73,1,-1,-1,-1
539,73,118.31,137.53,49.51,150.54,1,-1,-1,-1
540,69,198.66,-20.89,155.71,469.12,1,-1,-1,-1
540,71,337.54,89.14,110.81,334.40,1,-1,-1,-1
540,72,430.87,68.98,112.09,338.27,1,-1,-1,-1
540,73,117.32,137.34,51.23,155.68,1,-1,-1,-1
541,69,221.60,-8.01,138.89,418.65,1,-1,-1,-1
541,71,336.93,100.10,106.96,322.87,1,-1,-1,-1
541,72,440.75,79.20,107.42,324.26,1,-1,-1,-1
541,73,117.01,137.34,51.77,157.32,1,-1,-1,-1
541,74,105.50,87.59,73.64,222.93,1,-1,-1,-1
542,69,231.07,-2.44,131.92,397.76,1,-1,-1,-1
542,71,338.03,94.29,110.53,333.58,1,-1,-1,-1
542,72,450.71,71.65,110.87,334.61,1,-1,-1,-1
542,73,124.20,137.44,51.94,157.83,1,-1,-1,-1
542,74,117.01,89.89,73.64,222.93,1,-1,-1,-1
543,69,227.57,-0.43,149.99,451.96,1,-1,-1,-1
543,72,454.10,69.05,112.06,338.18,1,-1,-1,-1
543,73,125.34,136.55,54.56,165.69,1,-1,-1,-1
544,69,235.88,0.24,149.33,449.98,1,-1,-1,-1
544,72,460.68,71.44,117.91,355.71,1,-1,-1,-1
544,73,118.25,136.26,55.50,168.52,1,-1,-1,-1
544,75,186.59,148.75,48.95,148.86,1,-1,-1,-1
545,69,250.45,0.56,156.00,470.00,1,-1,-1,-1
545,72,463.01,72.39,120.05,362.13,1,-1,-1,-1
545,73,112.81,126.62,58.51,177.55,1,-1,-1,-1
545,75,187.80,148.74,48.40,147.20,1,-1,-1,-1
546,69,255.90,0.69,158.50,477.48,1,-1,-1,-1
546,72,473.15,69.64,115.47,348.41,1,-1,-1,-1
546,73,110.77,123.01,59.63,180.89,1,-1,-1,-1
546,75,190.46,148.77,51.01,155.03,1,-1,-1,-1
547,69,269.82,-21.52,166.86,502.59,1,-1,-1,-1
547,72,471.95,58.00,124.84,376.53,1,-1,-1,-1
547,73,110.00,121.69,60.02,182.05,1,-1,-1,-1
547,75,192.95,139.95,54.60,165.81,1,-1,-1,-1
548,69,283.78,-28.51,162.66,489.99,1,-1,-1,-1
548,72,488.20,53.82,128.21,386.64,1,-1,-1,-1
548,73,111.25,114.85,66.01,200.04,1,-1,-1,-1
548,75,194.92,135.25,58.63,177.88,1,-1,-1,-1
549,69,280.16,-32.67,168.38,507.15,1,-1,-1,-1
549,72,494.48,52.27,129.46,390.39,1,-1,-1,-1
549,73,110.27,118.51,62.56,189.68,1,-1,-1,-1
549,75,202.03,135.22,57.33,173.98,1,-1,-1,-1
549,74,104.67,70.02,84.57,255.72,1,-1,-1,-1
550,69,278.71,-34.17,170.48,513.46,1,-1,-1,-1
550,72,501.64,36.10,135.93,409.78,1,-1,-1,-1
550,73,102.24,104.58,66.94,202.83,1,-1,-1,-1
550,75,198.14,125.57,59.41,180.23,1,-1,-1,-1
551,69,286.81,-33.14,163.77,493.32,1,-1,-1,-1
551,72,509.27,43.22,126.80,382.37,1,-1,-1,-1
551,73,94.26,94.44,71.73,217.19,1,-1,-1,-1
551,75,197.26,110.68,63.01,191.02,1,-1,-1,-1
552,69,280.72,-34.10,168.64,507.92,1,-1,-1,-1
552,72,519.38,44.25,117.47,354.41,1,-1,-1,-1
552,73,87.36,95.54,70.42,213.26,1,-1,-1,-1
552,75,196.91,109.94,67.35,204.05,1,-1,-1,-1
553,69,278.42,-34.41,170.40,513.22,1,-1,-1,-1
553,72,531.73,46.99,119.45,360.35,1,-1,-1,-1
553,73,78.86,91.07,73.03,221.08,1,-1,-1,-1
553,75,196.70,113.35,66.02,200.04,1,-1,-1,-1
554,69,277.39,-34.44,171.02,515.07,1,-1,-1,-1
554,73,60.83,87.00,81.09,245.29,1,-1,-1,-1
554,75,188.03,115.04,65.33,197.98,1,-1,-1,-1
555,69,276.89,-34.37,171.20,515.60,1,-1,-1,-1
555,73,53.92,85.46,84.18,254.56,1,-1,-1,-1
555,75,184.10,112.22,68.05,206.15,1,-1,-1,-1
556,69,276.61,-34.26,171.21,515.63,1,-1,-1,-1
556,73,40.43,84.99,85.36,258.10,1,-1,-1,-1
556,75,171.76,106.75,72.26,218.79,1,-1,-1,-1
557,69,276.43,-34.16,171.16,515.48,1,-1,-1,-1
557,73,24.25,84.94,85.75,259.25,1,-1,-1,-1
557,75,160.68,103.68,80.92,244.77,1,-1,-1,-1
558,69,285.25,-32.55,163.55,492.64,1,-1,-1,-1
558,73,18.08,85.04,85.82,259.46,1,-1,-1,-1
558,75,156.37,91.89,84.29,254.88,1,-1,-1,-1
559,69,288.55,-31.86,160.56,483.68,1,-1,-1,-1
559,73,16.69,77.29,89.75,271.26,1,-1,-1,-1
559,75,154.69,87.12,85.57,258.72,1,-1,-1,-1
560,69,289.68,-31.57,159.46,480.38,1,-1,-1,-1
560,73,4.57,65.18,95.42,288.27,1,-1,-1,-1
560,75,149.47,77.58,89.90,271.70,1,-1,-1,-1
561,69,280.93,-32.96,166.71,502.12,1,-1,-1,-1
561,75,135.89,73.94,91.53,276.60,1,-1,-1,-1
562,69,277.66,-33.46,169.38,510.14,1,-1,-1,-1
562,74,111.12,74.32,90.80,274.39,1,-1,-1,-1
563,69,276.36,-33.62,170.39,513.17,1,-1,-1,-1
563,74,97.96,55.39,105.37,318.12,1,-1,-1,-1
564,69,264.64,-59.39,178.82,538.47,1,-1,-1,-1
564,74,93.65,49.18,110.18,332.55,1,-1,-1,-1
565,69,260.23,-69.06,181.97,547.92,1,-1,-1,-1
565,74,91.89,46.67,112.11,338.31,1,-1,-1,-1
566,69,258.53,-72.71,183.14,551.42,1,-1,-1,-1
566,74,66.54,33.38,123.58,372.75,1,-1,-1,-1
567,69,246.70,-48.40,175.49,528.49,1,-1,-1,-1
567,74,56.87,28.32,127.95,385.86,1,-1,-1,-1
568,74,39.04,9.92,141.86,427.58,1,-1,-1,-1
568,76,409.56,49.02,109.21,329.62,1,-1,-1,-1
569,76,412.32,31.37,117.41,354.24,1,-1,-1,-1
570,76,415.98,26.13,126.84,382.52,1,-1,-1,-1
571,76,431.71,23.49,123.89,373.67,1,-1,-1,-1
572,76,443.96,5.90,135.07,407.21,1,-1,-1,-1
573,76,449.57,-0.13,145.55,438.64,1,-1,-1,-1
580,76,508.06,60.91,107.01,323.02,1,-1,-1,-1
581,76,493.00,64.96,104.28,314.83,1,-1,-1,-1
582,76,490.23,66.31,103.40,312.20,1,-1,-1,-1
582,77,215.35,155.34,41.87,127.61,1,-1,-1,-1
583,76,489.09,81.24,103.23,311.69,1,-1,-1,-1
583,77,217.15,157.85,46.78,142.35,1,-1,-1,-1
584,77,209.78,162.60,43.80,133.38,1,-1,-1,-1
585,77,200.30,152.68,47.26,143.77,1,-1,-1,-1
586,77,197.37,156.43,48.33,147.00,1,-1,-1,-1
587,77,191.75,151.16,51.08,155.25,1,-1,-1,-1
588,77,182.80,149.23,52.05,158.16,1,-1,-1,-1
589,77,158.10,148.07,54.86,166.60,1,-1,-1,-1
590,77,139.98,138.77,58.52,177.58,1,-1,-1,-1
591,77,122.65,132.99,62.69,190.06,1,-1,-1,-1
592,77,103.72,127.85,67.23,203.71,1,-1,-1,-1
593,77,84.16,128.75,66.07,200.21,1,-1,-1,-1
594,77,64.91,122.50,71.68,217.05,1,-1,-1,-1
595,77,50.34,115.48,77.15,233.47,1,-1,-1,-1
596,77,34.82,112.73,79.30,239.90,1,-1,-1,-1
597,77,19.59,105.98,83.69,253.09,1,-1,-1,-1
598,77,3.10,103.38,85.37,258.13,1,-1,-1,-1
599,77,-3.07,102.47,85.95,259.84,1,-1,-1,-1
600,78,163.00,154.03,43.85,133.56,1,-1,-1,-1
601,78,163.74,155.09,42.25,128.74,1,-1,-1,-1
602,78,158.51,149.46,44.29,134.85,1,-1,-1,-1
603,78,157.02,154.71,44.89,136.68,1,-1,-1,-1
604,78,150.50,150.47,47.46,144.37,1,-1,-1,-1
607,78,128.31,129.35,66.18,200.55,1,-1,-1,-1
608,78,125.32,126.55,68.70,208.09,1,-1,-1,-1
611,78,100.05,115.38,77.66,234.99,1,-1,-1,-1
612,78,89.86,108.03,82.46,249.39,1,-1,-1,-1
613,78,78.37,98.35,88.12,266.39,1,-1,-1,-1
614,78,62.41,94.57,90.32,272.99,1,-1,-1,-1
614,79,189.63,103.89,84.74,256.23,1,-1,-1,-1
615,79,185.90,95.42,89.49,270.46,1,-1,-1,-1
616,79,184.64,92.55,91.09,275.27,1,-1,-1,-1
617,79,184.34,91.87,91.47,276.41,1,-1,-1,-1
618,79,175.52,99.69,87.09,263.28,1,-1,-1,-1
618,80,121.16,138.89,48.25,146.74,1,-1,-1,-1
619,79,168.15,94.76,89.85,271.56,1,-1,-1,-1
619,80,112.05,138.89,48.25,146.74,1,-1,-1,-1
620,79,165.74,93.11,90.78,274.34,1,-1,-1,-1
620,80,98.63,138.38,51.00,154.99,1,-1,-1,-1
621,79,165.03,92.55,91.09,275.27,1,-1,-1,-1
621,80,91.31,137.14,54.62,165.86,1,-1,-1,-1
621,81,241.06,102.51,83.59,252.78,1,-1,-1,-1
622,79,169.02,99.81,87.03,263.08,1,-1,-1,-1
622,80,89.08,144.55,55.84,169.52,1,-1,-1,-1
622,81,253.12,110.45,80.12,242.35,1,-1,-1,-1
623,79,166.56,107.67,89.66,270.99,1,-1,-1,-1
623,81,257.32,113.21,78.91,238.72,1,-1,-1,-1
624,79,165.73,110.46,90.60,273.80,1,-1,-1,-1
624,81,245.34,112.54,87.65,264.94,1,-1,-1,-1
625,79,169.54,117.94,86.86,262.57,1,-1,-1,-1
625,81,242.31,107.21,86.18,260.54,1,-1,-1,-1
626,79,175.04,106.16,94.02,284.04,1,-1,-1,-1
626,81,241.17,105.00,85.47,258.42,1,-1,-1,-1
627,79,173.23,104.83,88.31,266.92,1,-1,-1,-1
627,81,240.81,104.19,85.17,257.52,1,-1,-1,-1
628,79,180.84,96.84,90.08,272.23,1,-1,-1,-1
628,81,240.72,103.90,85.04,257.12,1,-1,-1,-1
629,79,179.28,98.33,95.06,287.18,1,-1,-1,-1
629,81,252.31,103.81,84.97,256.90,1,-1,-1,-1
630,79,197.14,101.75,88.67,268.01,1,-1,-1,-1
630,81,266.56,109.91,81.06,245.19,1,-1,-1,-1
631,79,204.31,114.73,86.03,260.10,1,-1,-1,-1
631,81,271.86,112.22,79.58,240.73,1,-1,-1,-1
632,79,204.41,112.87,89.22,269.65,1,-1,-1,-1
632,81,284.51,113.02,79.05,239.15,1,-1,-1,-1
633,79,218.73,113.30,82.56,249.68,1,-1,-1,-1
633,81,288.99,113.29,78.88,238.62,1,-1,-1,-1
633,82,31.29,31.29,150.43,453.29,1,-1,-1,-1
634,79,223.46,107.18,83.85,253.54,1,-1,-1,-1
634,81,301.20,113.35,78.83,238.48,1,-1,-1,-1
634,82,54.37,30.95,148.75,448.25,1,-1,-1,-1
635,79,236.42,111.08,80.49,243.46,1,-1,-1,-1
635,81,305.55,113.34,78.83,238.48,1,-1,-1,-1
636,79,241.12,112.56,79.24,239.70,1,-1,-1,-1
636,81,306.96,113.31,78.84,238.51,1,-1,-1,-1
637,79,242.64,113.07,78.81,238.43,1,-1,-1,-1
637,81,307.28,113.28,78.86,238.57,1,-1,-1,-1
637,82,70.58,-29.79,169.19,509.59,1,-1,-1,-1
638,79,243.02,113.23,78.68,238.05,1,-1,-1,-1
638,81,307.21,113.25,78.87,238.62,1,-1,-1,-1
638,82,90.86,-13.33,163.76,493.27,1,-1,-1,-1
639,79,242.99,113.27,78.67,238.00,1,-1,-1,-1
639,81,307.02,113.22,78.89,238.66,1,-1,-1,-1
640,79,231.44,107.19,82.52,249.55,1,-1,-1,-1
640,81,296.19,113.19,78.90,238.70,1,-1,-1,-1
641,79,227.13,104.94,83.94,253.83,1,-1,-1,-1
641,81,292.01,113.17,78.91,238.74,1,-1,-1,-1
642,79,226.04,114.92,77.23,233.68,1,-1,-1,-1
642,81,290.37,113.15,78.92,238.77,1,-1,-1,-1
643,79,213.17,119.29,82.14,248.43,1,-1,-1,-1
643,81,289.72,113.13,78.93,238.80,1,-1,-1,-1
644,79,208.74,120.80,83.84,253.51,1,-1,-1,-1
644,81,286.56,118.03,75.40,228.19,1,-1,-1,-1
645,79,208.50,116.09,80.74,244.22,1,-1,-1,-1
645,81,277.48,114.88,77.67,234.99,1,-1,-1,-1
646,79,209.14,119.15,75.95,229.84,1,-1,-1,-1
646,81,274.22,113.74,78.49,237.46,1,-1,-1,-1
647,79,197.89,126.09,77.81,235.41,1,-1,-1,-1
647,81,268.17,122.10,71.98,217.94,1,-1,-1,-1
647,84,68.91,6.57,154.86,466.57,1,-1,-1,-1
648,79,193.94,128.52,78.47,237.41,1,-1,-1,-1
648,81,268.69,131.50,72.88,220.62,1,-1,-1,-1
648,84,66.01,2.43,157.93,475.80,1,-1,-1,-1
649,79,203.77,133.59,75.19,227.57,1,-1,-1,-1
649,81,268.89,134.75,73.20,221.59,1,-1,-1,-1
649,84,64.94,0.91,159.06,479.19,1,-1,-1,-1
650,79,206.95,141.24,67.43,204.31,1,-1,-1,-1
650,81,260.56,131.66,76.90,232.70,1,-1,-1,-1
650,84,64.67,0.53,159.35,480.05,1,-1,-1,-1
651,79,199.17,131.67,67.84,205.52,1,-1,-1,-1
651,81,256.07,124.88,74.79,226.36,1,-1,-1,-1
651,84,64.64,0.49,159.38,480.14,1,-1,-1,-1
652,79,196.57,128.43,68.00,205.98,1,-1,-1,-1
652,81,254.42,122.13,73.95,223.86,1,-1,-1,-1
652,84,64.68,0.54,159.34,480.03,1,-1,-1,-1
653,79,195.05,133.25,71.46,216.37,1,-1,-1,-1
653,81,251.86,134.30,70.33,212.98,1,-1,-1,-1
653,84,64.72,0.60,159.30,479.89,1,-1,-1,-1
654,79,195.14,138.24,69.46,210.37,1,-1,-1,-1
654,81,251.02,138.88,68.97,208.92,1,-1,-1,-1
654,84,61.84,0.66,151.95,457.86,1,-1,-1,-1
655,79,195.27,140.12,68.70,208.11,1,-1,-1,-1
655,81,250.80,140.47,68.51,207.53,1,-1,-1,-1
655,84,63.76,0.72,156.59,471.76,1,-1,-1,-1
656,79,194.74,137.45,71.80,217.39,1,-1,-1,-1
656,81,250.79,131.64,68.37,207.10,1,-1,-1,-1
656,84,64.45,0.76,158.23,476.68,1,-1,-1,-1
657,79,194.57,126.68,72.94,220.81,1,-1,-1,-1
657,81,260.17,128.31,68.34,207.02,1,-1,-1,-1
657,84,64.73,0.79,158.84,478.53,1,-1,-1,-1
658,79,194.55,122.49,73.38,222.15,1,-1,-1,-1
658,81,263.71,127.05,68.36,207.06,1,-1,-1,-1
658,84,64.84,0.82,159.06,479.18,1,-1,-1,-1
659,79,204.36,124.80,70.27,212.80,1,-1,-1,-1
659,81,274.32,126.58,68.38,207.14,1,-1,-1,-1
659,84,77.90,0.84,145.37,438.09,1,-1,-1,-1
660,79,194.56,122.16,79.87,241.60,1,-1,-1,-1
660,81,269.01,126.40,68.41,207.23,1,-1,-1,-1
660,84,82.94,20.07,140.06,422.19,1,-1,-1,-1
661,79,193.25,126.25,79.61,240.82,1,-1,-1,-1
661,81,269.67,122.40,71.76,217.27,1,-1,-1,-1
661,84,88.76,28.16,145.10,437.27,1,-1,-1,-1
662,79,192.77,127.98,79.45,240.34,1,-1,-1,-1
662,81,272.64,127.78,66.71,202.13,1,-1,-1,-1
662,84,90.78,30.97,146.90,442.68,1,-1,-1,-1
663,79,192.61,128.66,79.36,240.08,1,-1,-1,-1
663,81,272.84,133.90,59.00,179.00,1,-1,-1,-1
663,84,101.00,46.59,134.79,406.36,1,-1,-1,-1
664,79,192.59,128.91,79.31,239.92,1,-1,-1,-1
664,81,268.03,128.85,65.37,198.09,1,-1,-1,-1
664,84,77.22,16.58,150.86,454.56,1,-1,-1,-1
664,85,29.26,125.17,69.64,210.93,1,-1,-1,-1
665,79,201.65,123.79,83.03,251.10,1,-1,-1,-1
665,81,275.55,127.24,67.38,204.14,1,-1,-1,-1
665,84,85.75,25.80,149.32,449.95,1,-1,-1,-1
665,85,20.54,108.48,81.49,246.46,1,-1,-1,-1
665,86,218.60,134.86,58.82,178.45,1,-1,-1,-1
666,79,206.49,127.00,80.72,244.15,1,-1,-1,-1
666,81,274.81,129.61,65.14,197.42,1,-1,-1,-1
666,84,89.22,29.53,148.68,448.02,1,-1,-1,-1
666,85,5.31,102.93,85.42,258.27,1,-1,-1,-1
667,79,208.39,117.73,79.75,241.25,1,-1,-1,-1
667,81,278.25,127.47,67.39,204.17,1,-1,-1,-1
667,84,90.50,11.13,148.43,447.28,1,-1,-1,-1
667,85,-13.24,93.74,90.77,274.31,1,-1,-1,-1
667,86,226.34,136.56,55.92,169.76,1,-1,-1,-1
668,79,218.90,132.29,72.53,219.59,1,-1,-1,-1
668,81,279.49,126.69,68.21,206.63,1,-1,-1,-1
668,84,105.39,22.60,141.72,427.15,1,-1,-1,-1
669,79,221.57,131.58,66.53,201.59,1,-1,-1,-1
669,81,284.73,129.42,65.47,198.39,1,-1,-1,-1
669,84,96.28,8.25,145.90,439.70,1,-1,-1,-1
670,79,223.76,128.11,67.65,204.96,1,-1,-1,-1
670,81,286.69,130.49,64.40,195.20,1,-1,-1,-1
670,84,112.61,3.09,147.41,444.23,1,-1,-1,-1
670,87,38.29,75.57,92.22,278.65,1,-1,-1,-1
671,79,229.54,140.45,61.99,187.99,1,-1,-1,-1
671,81,287.36,130.87,64.02,194.05,1,-1,-1,-1
671,84,113.52,19.52,141.41,426.22,1,-1,-1,-1
671,87,39.94,78.88,96.35,291.06,1,-1,-1,-1
672,79,234.05,143.38,62.94,190.80,1,-1,-1,-1
672,81,287.55,139.67,63.89,193.66,1,-1,-1,-1
672,84,113.70,25.93,139.10,419.29,1,-1,-1,-1
672,87,25.38,79.95,97.69,295.06,1,-1,-1,-1
673,79,241.34,146.07,60.34,183.02,1,-1,-1,-1
673,81,287.57,134.29,63.85,193.55,1,-1,-1,-1
673,84,113.67,28.25,138.28,416.83,1,-1,-1,-1
673,87,5.91,55.27,108.87,328.60,1,-1,-1,-1
674,79,239.97,133.15,65.62,198.85,1,-1,-1,-1
674,81,282.66,129.18,66.94,202.83,1,-1,-1,-1
674,84,125.93,27.82,131.78,397.34,1,-1,-1,-1
674,87,-0.49,49.27,118.09,356.28,1,-1,-1,-1
675,79,237.63,131.68,64.40,195.20,1,-1,-1,-1
675,81,281.02,132.50,62.23,188.67,1,-1,-1,-1
675,84,117.85,28.86,135.72,409.14,1,-1,-1,-1
676,79,229.89,129.80,73.99,223.96,1,-1,-1,-1
676,81,276.29,131.52,63.28,191.85,1,-1,-1,-1
676,84,114.93,29.21,137.14,413.39,1,-1,-1,-1
676,86,238.69,147.84,55.56,168.68,1,-1,-1,-1
677,79,227.17,129.12,77.39,234.18,1,-1,-1,-1
677,81,274.61,131.17,63.66,192.99,1,-1,-1,-1
677,84,99.28,30.63,144.32,434.96,1,-1,-1,-1
677,86,239.06,148.24,55.58,168.76,1,-1,-1,-1
678,79,225.27,136.08,72.15,218.43,1,-1,-1,-1
678,81,273.99,131.04,63.82,193.45,1,-1,-1,-1
678,84,93.42,11.74,147.01,443.03,1,-1,-1,-1
679,79,225.21,131.42,76.84,232.52,1,-1,-1,-1
679,81,277.73,141.27,61.00,185.01,1,-1,-1,-1
679,84,91.16,23.82,148.05,446.13,1,-1,-1,-1
679,89,386.96,111.28,90.90,274.69,1,-1,-1,-1
679,86,239.27,148.45,55.58,168.76,1,-1,-1,-1
680,79,225.19,140.04,78.52,237.54,1,-1,-1,-1
680,81,275.15,143.46,62.87,190.61,1,-1,-1,-1
680,84,90.34,28.51,148.42,447.26,1,-1,-1,-1
680,89,380.25,118.80,86.15,260.46,1,-1,-1,-1
680,86,239.15,148.42,55.57,168.72,1,-1,-1,-1
681,79,223.18,142.78,69.44,210.31,1,-1,-1,-1
681,81,274.23,144.22,63.54,192.63,1,-1,-1,-1
681,84,90.07,30.29,148.54,447.61,1,-1,-1,-1
681,89,378.04,121.29,84.58,255.75,1,-1,-1,-1
682,79,214.14,141.32,68.88,208.62,1,-1,-1,-1
682,81,269.84,146.14,60.94,184.83,1,-1,-1,-1
682,84,90.02,30.94,148.57,447.68,1,-1,-1,-1
682,89,370.16,114.36,88.95,268.86,1,-1,-1,-1
683,79,217.25,144.97,62.66,189.99,1,-1,-1,-1
683,81,268.18,146.81,59.94,181.84,1,-1,-1,-1
683,84,90.04,31.16,148.55,447.65,1,-1,-1,-1
683,89,372.54,103.72,95.07,287.19,1,-1,-1,-1
684,81,271.72,136.60,62.51,189.52,1,-1,-1,-1
684,84,104.47,29.89,141.95,427.83,1,-1,-1,-1
684,89,368.98,108.00,92.73,280.18,1,-1,-1,-1
685,81,268.99,135.10,60.60,183.80,1,-1,-1,-1
685,84,110.05,29.37,139.39,420.17,1,-1,-1,-1
685,89,367.81,109.84,91.72,277.15,1,-1,-1,-1
686,81,267.96,134.53,59.86,181.57,1,-1,-1,-1
686,84,112.06,29.16,138.47,417.40,1,-1,-1,-1
686,89,367.52,110.56,91.32,275.95,1,-1,-1,-1
687,81,267.60,134.33,59.59,180.79,1,-1,-1,-1
687,84,112.76,29.07,138.15,416.44,1,-1,-1,-1
687,89,367.52,110.86,91.15,275.45,1,-1,-1,-1
687,90,4.43,81.18,94.94,286.82,1,-1,-1,-1
688,81,263.13,135.85,56.81,172.42,1,-1,-1,-1
688,84,98.43,30.35,144.71,436.11,1,-1,-1,-1
688,79,209.27,132.00,63.82,193.45,1,-1,-1,-1
689,81,261.28,132.51,61.47,186.41,1,-1,-1,-1
689,84,107.37,29.52,140.62,423.84,1,-1,-1,-1
690,81,260.62,131.34,63.11,191.32,1,-1,-1,-1
690,84,96.34,30.50,145.66,438.96,1,-1,-1,-1
690,89,356.50,101.04,96.63,291.88,1,-1,-1,-1
691,81,260.42,130.90,63.75,193.24,1,-1,-1,-1
691,84,92.30,30.85,147.51,444.50,1,-1,-1,-1
691,89,355.09,99.64,97.41,294.22,1,-1,-1,-1
691,90,51.10,129.03,65.18,197.54,1,-1,-1,-1
692,81,260.39,130.75,63.99,193.96,1,-1,-1,-1
692,84,110.33,30.97,148.20,446.59,1,-1,-1,-1
692,89,354.62,99.15,97.68,295.02,1,-1,-1,-1
692,90,54.16,132.18,63.23,191.67,1,-1,-1,-1
693,81,256.95,132.96,61.21,185.65,1,-1,-1,-1
693,84,112.01,29.70,141.88,427.64,1,-1,-1,-1
693,89,357.39,89.77,102.41,309.22,1,-1,-1,-1
693,90,45.47,123.52,62.53,189.58,1,-1,-1,-1
694,81,255.68,125.73,60.13,182.40,1,-1,-1,-1
694,84,112.61,29.19,139.42,420.25,1,-1,-1,-1
694,89,355.66,95.35,99.60,300.78,1,-1,-1,-1
694,90,42.48,120.53,62.51,189.52,1,-1,-1,-1
695,81,258.98,125.21,57.03,173.10,1,-1,-1,-1
695,84,112.80,28.99,138.52,417.56,1,-1,-1,-1
695,90,33.40,115.43,66.00,199.98,1,-1,-1,-1
696,81,260.28,132.74,55.88,169.63,1,-1,-1,-1
696,84,118.16,30.25,144.86,436.58,1,-1,-1,-1
696,90,21.44,119.10,70.67,213.98,1,-1,-1,-1
697,81,265.18,133.87,58.22,176.65,1,-1,-1,-1
697,84,133.07,29.41,140.69,424.04,1,-1,-1,-1
697,90,7.17,115.49,75.97,229.91,1,-1,-1,-1
697,89,350.41,93.02,92.35,279.06,1,-1,-1,-1
698,81,266.96,134.28,59.07,179.21,1,-1,-1,-1
698,84,138.83,29.07,139.03,419.07,1,-1,-1,-1
698,89,339.75,97.49,95.75,289.25,1,-1,-1,-1
699,81,263.11,132.17,62.27,188.82,1,-1,-1,-1
699,84,140.87,28.94,138.42,417.25,1,-1,-1,-1
699,89,338.30,89.61,101.47,306.41,1,-1,-1,-1
700,84,148.15,30.22,144.85,436.54,1,-1,-1,-1
700,89,345.19,103.39,94.76,286.28,1,-1,-1,-1
701,84,144.27,29.39,140.72,424.14,1,-1,-1,-1
701,89,338.47,101.04,96.48,291.44,1,-1,-1,-1
702,84,142.53,29.05,139.07,419.20,1,-1,-1,-1
702,89,333.43,107.97,92.75,280.24,1,-1,-1,-1
702,90,9.53,146.23,53.91,163.73,1,-1,-1,-1
703,84,152.87,44.97,132.26,398.77,1,-1,-1,-1
703,90,10.19,156.67,49.01,149.05,1,-1,-1,-1
704,84,156.65,50.97,129.70,391.11,1,-1,-1,-1
705,84,146.69,36.84,135.09,407.28,1,-1,-1,-1
706,84,143.04,31.70,137.06,413.18,1,-1,-1,-1
706,92,55.87,103.89,84.74,256.23,1,-1,-1,-1
707,84,128.50,31.03,144.42,435.24,1,-1,-1,-1
707,92,41.91,95.42,89.49,270.46,1,-1,-1,-1
708,84,123.02,30.79,147.18,443.52,1,-1,-1,-1
708,92,37.19,92.55,91.09,275.27,1,-1,-1,-1
709,84,115.70,29.41,141.72,427.16,1,-1,-1,-1
709,92,23.52,82.23,96.32,290.96,1,-1,-1,-1
710,84,112.91,28.89,139.54,420.60,1,-1,-1,-1
710,92,5.38,78.86,98.02,296.07,1,-1,-1,-1
711,84,111.94,28.71,138.72,418.15,1,-1,-1,-1
712,84,118.16,42.34,126.46,381.38,1,-1,-1,-1
713,84,113.93,33.43,134.15,404.42,1,-1,-1,-1
714,84,112.48,30.40,136.76,412.25,1,-1,-1,-1
714,89,276.06,86.05,104.29,314.88,1,-1,-1,-1
714,92,12.58,94.63,80.95,244.84,1,-1,-1,-1
715,84,111.98,29.24,137.78,415.32,1,-1,-1,-1
715,92,15.13,84.70,78.88,238.64,1,-1,-1,-1
716,84,124.05,27.58,132.02,398.05,1,-1,-1,-1
716,92,16.48,86.19,82.29,248.86,1,-1,-1,-1
717,84,128.76,26.97,129.80,391.40,1,-1,-1,-1
717,92,16.97,86.69,83.47,252.40,1,-1,-1,-1
718,84,130.47,44.17,129.01,389.02,1,-1,-1,-1
718,92,5.70,68.93,92.56,279.66,1,-1,-1,-1
719,84,141.45,48.21,122.94,370.80,1,-1,-1,-1
719,92,1.63,75.18,95.86,289.56,1,-1,-1,-1
720,84,145.53,49.65,120.69,364.06,1,-1,-1,-1
720,92,0.14,67.75,101.75,307.24,1,-1,-1,-1
721,84,142.74,36.18,132.09,398.27,1,-1,-1,-1
721,92,-0.35,62.20,99.47,300.40,1,-1,-1,-1
722,84,135.72,46.96,130.13,392.37,1,-1,-1,-1
722,92,-0.38,50.98,108.10,326.30,1,-1,-1,-1
723,84,143.09,49.00,123.57,372.69,1,-1,-1,-1
723,92,-0.38,46.86,111.28,335.82,1,-1,-1,-1
724,84,145.86,49.71,121.07,365.21,1,-1,-1,-1
724,92,-16.93,32.99,123.26,371.77,1,-1,-1,-1
724,89,249.42,145.80,57.29,173.88,1,-1,-1,-1
725,84,142.63,36.07,132.31,398.93,1,-1,-1,-1
725,89,253.18,148.95,52.11,158.32,1,-1,-1,-1
726,84,145.48,44.48,124.73,376.16,1,-1,-1,-1
726,89,255.61,157.20,48.32,146.97,1,-1,-1,-1
727,84,146.57,47.96,121.59,366.76,1,-1,-1,-1
727,89,254.41,152.12,50.03,152.07,1,-1,-1,-1
728,84,146.92,49.22,120.46,363.38,1,-1,-1,-1
728,89,261.56,150.46,50.62,153.85,1,-1,-1,-1
729,84,147.01,49.66,120.07,362.21,1,-1,-1,-1
729,89,261.54,149.26,53.60,162.77,1,-1,-1,-1
730,84,147.00,49.79,119.96,361.86,1,-1,-1,-1
730,89,264.00,156.40,52.12,158.35,1,-1,-1,-1
731,84,146.96,49.82,119.94,361.82,1,-1,-1,-1
732,84,136.58,69.38,125.74,379.22,1,-1,-1,-1
733,84,136.51,70.02,116.94,352.81,1,-1,-1,-1
734,84,132.59,76.91,124.83,376.47,1,-1,-1,-1
735,84,131.23,79.31,127.58,384.73,1,-1,-1,-1
736,84,130.73,63.17,128.64,387.92,1,-1,-1,-1
737,84,130.57,56.83,129.03,389.10,1,-1,-1,-1
737,89,254.95,159.48,51.76,157.27,1,-1,-1,-1
738,84,130.55,54.38,129.16,389.49,1,-1,-1,-1
738,89,256.21,158.99,49.34,150.02,1,-1,-1,-1
739,84,134.38,63.88,118.14,356.41,1,-1,-1,-1
739,89,257.48,164.12,46.29,140.89,1,-1,-1,-1
740,84,126.03,70.91,119.35,360.05,1,-1,-1,-1
740,89,257.11,160.61,47.46,144.38,1,-1,-1,-1
741,84,132.77,70.11,114.39,345.16,1,-1,-1,-1
741,89,263.55,159.37,47.88,145.63,1,-1,-1,-1
742,84,135.39,69.71,112.54,339.60,1,-1,-1,-1
742,89,260.25,164.09,45.85,139.55,1,-1,-1,-1
743,84,136.34,69.52,111.90,337.69,1,-1,-1,-1
743,89,258.96,165.88,45.09,137.28,1,-1,-1,-1
744,84,136.69,69.41,111.71,337.12,1,-1,-1,-1
744,89,258.49,166.50,44.84,136.51,1,-1,-1,-1
745,84,136.81,69.34,111.68,337.03,1,-1,-1,-1
746,84,127.18,72.52,117.12,353.35,1,-1,-1,-1
747,84,129.31,60.12,124.82,376.44,1,-1,-1,-1
748,84,148.43,65.58,116.94,352.81,1,-1,-1,-1
748,95,113.54,113.54,67.71,205.13,1,-1,-1,-1
749,84,147.60,71.11,119.13,359.38,1,-1,-1,-1
749,95,107.05,116.88,64.89,196.66,1,-1,-1,-1
750,84,162.65,80.78,109.60,330.80,1,-1,-1,-1
750,95,105.21,108.23,71.52,216.57,1,-1,-1,-1
751,84,168.44,84.50,105.88,319.62,1,-1,-1,-1
751,95,98.64,99.52,77.37,234.12,1,-1,-1,-1
752,84,176.09,81.92,99.79,301.37,1,-1,-1,-1
752,95,96.36,96.46,79.42,240.26,1,-1,-1,-1
753,84,187.47,70.27,102.49,309.48,1,-1,-1,-1
753,95,88.76,88.60,83.91,253.75,1,-1,-1,-1
754,84,196.02,76.51,98.74,298.22,1,-1,-1,-1
754,95,90.08,77.74,89.56,270.68,1,-1,-1,-1
755,84,198.99,78.90,97.39,294.17,1,-1,-1,-1
755,95,86.75,81.57,87.67,265.02,1,-1,-1,-1
756,84,204.39,72.36,106.87,322.58,1,-1,-1,-1
756,95,77.55,75.42,90.74,274.23,1,-1,-1,-1
757,84,211.12,80.75,105.33,317.99,1,-1,-1,-1
757,95,64.83,63.87,96.11,290.31,1,-1,-1,-1
758,84,208.56,73.14,109.75,331.23,1,-1,-1,-1
758,95,51.16,50.67,107.46,324.38,1,-1,-1,-1
759,84,215.99,77.42,101.85,307.55,1,-1,-1,-1
759,95,32.83,32.53,116.91,352.73,1,-1,-1,-1
760,84,218.62,79.13,98.70,298.09,1,-1,-1,-1
760,95,25.46,25.24,120.68,364.04,1,-1,-1,-1
761,84,219.41,79.73,97.59,294.76,1,-1,-1,-1
761,95,7.44,7.28,127.52,384.58,1,-1,-1,-1
762,84,219.55,79.93,97.22,293.64,1,-1,-1,-1
763,84,219.46,79.99,97.11,293.34,1,-1,-1,-1
764,84,215.58,69.68,101.82,307.47,1,-1,-1,-1
765,84,227.88,79.68,103.57,312.70,1,-1,-1,-1
766,84,228.64,72.72,109.22,329.64,1,-1,-1,-1
766,99,198.77,154.87,41.30,125.89,1,-1,-1,-1
767,84,219.08,67.16,106.46,321.36,1,-1,-1,-1
767,99,194.40,153.46,39.56,120.68,1,-1,-1,-1
768,84,215.10,64.97,105.32,317.95,1,-1,-1,-1
768,99,186.41,149.04,43.64,132.92,1,-1,-1,-1
769,84,217.22,74.40,100.21,302.62,1,-1,-1,-1
769,99,184.02,147.72,44.89,136.67,1,-1,-1,-1
770,84,217.96,78.04,98.26,296.77,1,-1,-1,-1
770,99,180.82,152.50,43.12,131.35,1,-1,-1,-1
771,84,218.18,79.36,97.56,294.68,1,-1,-1,-1
771,99,169.58,149.23,44.56,135.66,1,-1,-1,-1
772,84,209.52,72.54,107.11,323.31,1,-1,-1,-1
772,99,160.99,141.46,49.67,151.03,1,-1,-1,-1
773,84,214.74,77.07,101.17,305.50,1,-1,-1,-1
773,99,157.42,139.06,49.26,149.78,1,-1,-1,-1
774,84,216.88,78.96,98.68,298.04,1,-1,-1,-1
774,99,149.85,138.22,48.99,148.96,1,-1,-1,-1
775,84,217.65,79.64,97.77,295.32,1,-1,-1,-1
775,99,147.22,137.56,51.17,155.51,1,-1,-1,-1
775,100,338.79,85.45,104.56,315.68,1,-1,-1,-1
776,84,217.91,79.88,97.45,294.35,1,-1,-1,-1
776,99,139.52,137.36,51.97,157.90,1,-1,-1,-1
777,84,214.28,83.71,102.05,308.15,1,-1,-1,-1
777,99,135.78,136.40,54.69,166.08,1,-1,-1,-1
778,84,216.55,94.27,99.14,299.43,1,-1,-1,-1
778,99,134.48,136.07,55.71,169.14,1,-1,-1,-1
779,84,232.26,106.23,93.60,282.79,1,-1,-1,-1
779,99,132.65,134.47,58.68,178.05,1,-1,-1,-1
780,84,223.05,102.62,96.00,289.98,1,-1,-1,-1
780,99,129.89,131.71,62.57,189.73,1,-1,-1,-1
781,84,234.47,96.94,92.50,279.49,1,-1,-1,-1
781,99,128.91,122.44,64.07,194.22,1,-1,-1,-1
782,84,239.57,102.04,87.03,263.09,1,-1,-1,-1
782,99,120.42,127.06,64.61,195.82,1,-1,-1,-1
783,84,238.82,87.37,93.78,283.32,1,-1,-1,-1
783,99,117.22,128.98,64.75,196.26,1,-1,-1,-1
783,102,195.99,127.28,67.71,205.13,1,-1,-1,-1
784,84,240.98,98.03,87.79,265.35,1,-1,-1,-1
784,99,108.08,122.98,71.00,215.00,1,-1,-1,-1
784,102,196.00,126.58,68.42,207.25,1,-1,-1,-1
785,84,241.69,102.32,85.41,258.23,1,-1,-1,-1
785,99,99.32,116.07,76.71,232.13,1,-1,-1,-1
785,102,181.43,116.09,76.61,231.83,1,-1,-1,-1
786,84,241.87,115.43,84.59,255.78,1,-1,-1,-1
786,99,85.94,103.33,78.96,238.90,1,-1,-1,-1
786,102,176.68,112.68,79.27,239.80,1,-1,-1,-1
787,84,241.10,113.56,88.48,267.44,1,-1,-1,-1
787,99,73.45,102.56,83.43,252.29,1,-1,-1,-1
787,102,167.95,110.50,88.26,266.80,1,-1,-1,-1
788,84,252.01,113.96,82.09,248.27,1,-1,-1,-1
788,99,57.88,102.33,85.14,257.43,1,-1,-1,-1
788,102,161.33,110.89,83.74,253.20,1,-1,-1,-1
789,84,245.31,107.72,83.54,252.61,1,-1,-1,-1
789,99,40.94,102.34,85.74,259.22,1,-1,-1,-1
789,102,144.13,102.21,94.01,284.04,1,-1,-1,-1
790,84,242.88,111.57,80.23,242.70,1,-1,-1,-1
790,99,24.29,95.41,89.83,271.49,1,-1,-1,-1
790,102,125.43,99.10,97.69,295.06,1,-1,-1,-1
791,84,241.89,112.98,79.03,239.09,1,-1,-1,-1
791,99,6.38,92.78,91.37,276.10,1,-1,-1,-1
791,102,110.05,89.01,103.52,312.56,1,-1,-1,-1
792,84,241.50,124.23,78.64,237.91,1,-1,-1,-1
792,102,94.69,74.62,110.52,333.55,1,-1,-1,-1
793,84,229.87,122.94,82.39,249.17,1,-1,-1,-1
793,102,71.74,79.42,108.43,327.28,1,-1,-1,-1
794,84,226.34,117.14,80.01,242.02,1,-1,-1,-1
794,102,51.17,71.02,112.19,338.56,1,-1,-1,-1
795,84,225.02,114.76,79.11,239.32,1,-1,-1,-1
795,102,14.66,42.35,130.24,392.71,1,-1,-1,-1
795,106,416.87,26.99,128.96,388.88,1,-1,-1,-1
796,84,224.58,124.54,78.80,238.40,1,-1,-1,-1
796,106,416.87,26.99,128.96,388.88,1,-1,-1,-1
796,107,292.02,44.65,120.26,362.77,1,-1,-1,-1
797,84,224.42,122.41,75.14,227.42,1,-1,-1,-1
797,106,418.42,28.44,136.22,410.65,1,-1,-1,-1
797,107,288.08,31.04,126.97,382.89,1,-1,-1,-1
798,84,224.47,116.47,77.43,234.30,1,-1,-1,-1
798,106,417.46,27.54,131.71,397.11,1,-1,-1,-1
798,107,290.61,43.45,122.66,369.97,1,-1,-1,-1
799,84,224.46,119.25,74.72,226.16,1,-1,-1,-1
799,107,287.77,50.85,127.49,384.48,1,-1,-1,-1
800,84,222.49,118.63,67.20,203.60,1,-1,-1,-1
800,107,281.67,36.04,135.64,408.92,1,-1,-1,-1
800,109,57.91,150.62,43.76,133.27,1,-1,-1,-1
800,110,98.60,161.00,39.00,119.00,1,-1,-1,-1
800,111,162.43,171.61,37.96,115.89,1,-1,-1,-1
801,84,212.78,114.88,74.94,226.81,1,-1,-1,-1
801,107,279.55,30.72,138.47,417.40,1,-1,-1,-1
801,109,57.23,158.33,40.23,122.67,1,-1,-1,-1
801,110,91.20,161.00,39.00,119.00,1,-1,-1,-1
801,111,155.43,169.67,38.73,118.20,1,-1,-1,-1
802,84,219.22,122.33,70.71,214.13,1,-1,-1,-1
802,107,278.86,28.77,139.37,420.10,1,-1,-1,-1
802,109,56.99,161.13,38.94,118.82,1,-1,-1,-1
802,110,82.50,161.00,39.00,119.00,1,-1,-1,-1
802,111,154.63,171.59,41.19,125.56,1,-1,-1,-1
803,84,222.74,121.33,72.42,219.25,1,-1,-1,-1
803,107,278.70,28.13,139.56,420.68,1,-1,-1,-1
803,109,56.27,158.87,43.21,131.61,1,-1,-1,-1
803,110,86.00,161.00,39.00,119.00,1,-1,-1,-1
803,111,152.83,175.50,39.94,121.80,1,-1,-1,-1
804,84,224.01,120.96,73.04,221.12,1,-1,-1,-1
804,107,287.03,41.76,127.48,384.43,1,-1,-1,-1
804,109,56.05,158.17,44.52,135.55,1,-1,-1,-1
804,110,87.42,166.79,39.00,119.00,1,-1,-1,-1
804,111,158.10,176.91,39.39,120.18,1,-1,-1,-1
805,84,224.56,115.88,76.85,232.54,1,-1,-1,-1
805,107,290.38,47.17,122.63,369.88,1,-1,-1,-1
805,109,62.30,157.81,44.99,136.97,1,-1,-1,-1
805,111,160.01,177.34,39.19,119.56,1,-1,-1,-1
806,84,234.42,118.80,74.79,226.36,1,-1,-1,-1
806,107,308.17,49.06,120.91,364.73,1,-1,-1,-1
806,109,67.54,156.36,43.05,131.14,1,-1,-1,-1
806,111,166.23,177.43,39.10,119.31,1,-1,-1,-1
807,84,248.24,119.96,73.97,223.91,1,-1,-1,-1
807,107,314.53,49.70,120.31,362.92,1,-1,-1,-1
807,109,69.45,155.76,42.28,128.85,1,-1,-1,-1
807,111,170.85,174.34,41.03,125.08,1,-1,-1,-1
808,84,253.34,120.38,73.67,223.02,1,-1,-1,-1
808,107,333.03,47.70,114.63,345.89,1,-1,-1,-1
808,109,73.43,150.56,44.10,134.30,1,-1,-1,-1
808,111,174.56,169.17,43.76,133.28,1,-1,-1,-1
809,84,265.06,130.43,73.57,222.72,1,-1,-1,-1
809,107,339.83,49.12,118.11,356.30,1,-1,-1,-1
809,109,78.31,149.15,46.94,142.82,1,-1,-1,-1
809,111,181.88,167.20,44.78,136.35,1,-1,-1,-1
810,84,275.89,137.44,70.23,212.69,1,-1,-1,-1
810,107,342.12,65.76,119.35,360.04,1,-1,-1,-1
810,109,88.61,154.14,45.86,139.59,1,-1,-1,-1
810,111,187.84,170.41,43.15,131.44,1,-1,-1,-1
811,84,283.23,126.63,72.35,219.04,1,-1,-1,-1
811,107,358.96,40.91,125.63,378.88,1,-1,-1,-1
811,109,90.41,150.55,47.59,144.76,1,-1,-1,-1
811,111,192.93,167.67,44.51,135.53,1,-1,-1,-1
811,106,474.07,28.98,138.23,416.68,1,-1,-1,-1
812,84,285.78,122.73,73.11,221.34,1,-1,-1,-1
812,107,365.10,31.62,127.97,385.90,1,-1,-1,-1
812,109,99.11,154.74,46.07,140.19,1,-1,-1,-1
812,111,194.73,166.66,45.00,137.00,1,-1,-1,-1
813,84,286.56,121.23,73.41,222.24,1,-1,-1,-1
813,107,384.21,28.04,128.86,388.56,1,-1,-1,-1
813,109,102.35,156.41,45.43,138.30,1,-1,-1,-1
813,111,189.29,166.30,45.17,137.49,1,-1,-1,-1
814,84,296.53,120.65,73.53,222.60,1,-1,-1,-1
814,107,391.28,26.72,129.17,389.51,1,-1,-1,-1
814,109,101.69,151.40,47.38,144.14,1,-1,-1,-1
814,111,187.08,166.18,45.21,137.62,1,-1,-1,-1
815,84,305.33,133.56,70.28,212.84,1,-1,-1,-1
815,107,393.68,26.29,129.26,389.78,1,-1,-1,-1
815,109,103.07,155.07,45.95,139.83,1,-1,-1,-1
815,111,186.15,166.16,45.20,137.60,1,-1,-1,-1
816,84,308.44,138.50,69.04,209.13,1,-1,-1,-1
816,107,394.39,27.42,135.41,408.22,1,-1,-1,-1
816,111,187.93,161.03,47.35,144.05,1,-1,-1,-1
816,118,267.05,193.67,27.69,85.07,1,-1,-1,-1
817,84,309.39,130.91,68.61,207.82,1,-1,-1,-1
817,107,393.30,9.87,144.16,434.46,1,-1,-1,-1
817,111,182.21,159.11,48.15,146.44,1,-1,-1,-1
817,118,266.91,193.40,27.37,84.12,1,-1,-1,-1
817,119,233.00,169.00,39.00,119.00,1,-1,-1,-1
818,84,314.29,124.10,71.80,217.41,1,-1,-1,-1
818,107,392.72,3.13,147.51,444.51,1,-1,-1,-1
818,118,262.78,189.86,28.87,88.62,1,-1,-1,-1
818,119,233.00,169.00,39.00,119.00,1,-1,-1,-1
819,84,315.99,121.60,72.98,220.95,1,-1,-1,-1
819,107,411.38,0.57,142.32,428.95,1,-1,-1,-1
819,118,258.08,174.13,36.45,111.36,1,-1,-1,-1
819,119,232.61,165.04,41.23,125.70,1,-1,-1,-1
819,109,84.18,138.98,54.51,165.52,1,-1,-1,-1
819,111,173.12,159.02,51.09,155.28,1,-1,-1,-1
820,84,320.96,124.54,70.16,212.49,1,-1,-1,-1
820,107,418.58,-0.26,146.74,442.21,1,-1,-1,-1
820,119,224.52,165.62,44.18,134.53,1,-1,-1,-1
820,109,81.40,144.83,50.76,154.27,1,-1,-1,-1
820,111,164.05,159.26,54.12,164.37,1,-1,-1,-1
821,84,318.05,121.73,72.41,219.24,1,-1,-1,-1
821,107,421.13,-0.52,148.35,447.03,1,-1,-1,-1
821,119,217.41,164.15,43.04,131.12,1,-1,-1,-1
821,109,73.02,139.25,54.10,164.28,1,-1,-1,-1
821,111,152.50,151.10,57.82,175.48,1,-1,-1,-1
822,84,310.70,115.85,76.74,232.23,1,-1,-1,-1
822,119,208.93,163.67,42.50,129.48,1,-1,-1,-1
822,109,67.13,138.20,52.86,160.57,1,-1,-1,-1
822,111,138.18,146.31,62.01,188.04,1,-1,-1,-1
822,118,242.66,175.26,39.02,119.06,1,-1,-1,-1
823,84,313.97,128.05,74.93,226.78,1,-1,-1,-1
823,119,200.16,169.44,42.26,128.78,1,-1,-1,-1
823,109,64.82,144.76,52.32,158.97,1,-1,-1,-1
823,111,125.93,139.02,69.73,211.20,1,-1,-1,-1
823,118,240.69,181.91,39.00,119.00,1,-1,-1,-1
824,84,315.14,132.98,74.17,224.51,1,-1,-1,-1
824,119,197.17,165.74,42.15,128.44,1,-1,-1,-1
824,109,57.06,147.29,52.10,158.31,1,-1,-1,-1
824,111,116.20,139.20,69.68,211.04,1,-1,-1,-1
824,118,240.04,178.79,38.99,118.98,1,-1,-1,-1
825,84,315.49,134.82,73.88,223.63,1,-1,-1,-1
825,119,189.49,160.78,46.39,141.17,1,-1,-1,-1
825,109,49.23,140.35,54.50,165.49,1,-1,-1,-1
825,111,107.89,136.22,72.74,220.24,1,-1,-1,-1
825,118,234.56,177.62,38.99,118.98,1,-1,-1,-1
826,84,315.54,125.62,73.76,223.29,1,-1,-1,-1
826,119,181.79,152.66,50.20,152.61,1,-1,-1,-1
826,109,44.39,138.71,52.94,160.81,1,-1,-1,-1
826,111,99.38,131.08,77.29,233.88,1,-1,-1,-1
826,118,232.61,177.18,38.99,118.98,1,-1,-1,-1
827,84,314.43,129.08,67.33,204.00,1,-1,-1,-1
827,119,172.20,149.48,51.68,157.04,1,-1,-1,-1
827,109,30.74,135.55,57.48,174.43,1,-1,-1,-1
827,111,78.93,124.09,82.65,249.96,1,-1,-1,-1
827,118,225.96,179.72,40.90,124.69,1,-1,-1,-1
828,84,310.11,127.28,68.04,206.11,1,-1,-1,-1
828,119,168.58,148.29,52.22,158.65,1,-1,-1,-1
828,109,24.74,135.92,56.54,171.63,1,-1,-1,-1
828,111,62.47,115.25,88.59,267.78,1,-1,-1,-1
828,118,217.98,180.66,41.60,126.81,1,-1,-1,-1
828,120,385.22,113.23,89.67,271.00,1,-1,-1,-1
829,84,313.32,122.70,71.62,216.87,1,-1,-1,-1
829,119,160.60,147.45,54.82,166.48,1,-1,-1,-1
829,111,46.19,104.41,95.03,287.11,1,-1,-1,-1
829,118,213.05,177.45,43.88,133.63,1,-1,-1,-1
829,120,386.54,111.75,90.60,273.79,1,-1,-1,-1
830,84,318.95,133.97,69.69,211.06,1,-1,-1,-1
830,119,149.45,146.17,58.39,177.17,1,-1,-1,-1
830,111,38.15,107.42,93.48,282.44,1,-1,-1,-1
830,118,208.35,177.95,46.86,142.57,1,-1,-1,-1
830,120,393.48,118.72,86.20,260.61,1,-1,-1,-1
830,121,289.00,169.00,39.00,119.00,1,-1,-1,-1
831,84,316.52,135.15,72.26,218.79,1,-1,-1,-1
831,119,137.55,145.71,59.76,181.27,1,-1,-1,-1
831,111,24.30,101.31,96.90,292.72,1,-1,-1,-1
831,118,202.63,172.82,50.25,152.76,1,-1,-1,-1
831,120,389.20,113.56,89.46,270.38,1,-1,-1,-1
831,121,289.00,169.00,39.00,119.00,1,-1,-1,-1
832,84,315.60,125.80,73.21,221.62,1,-1,-1,-1
832,119,127.89,132.74,65.99,199.99,1,-1,-1,-1
832,118,192.00,169.87,49.34,150.03,1,-1,-1,-1
832,120,379.47,103.50,95.20,287.61,1,-1,-1,-1
832,121,282.78,162.78,39.00,119.00,1,-1,-1,-1
832,123,109.09,29.71,103.15,311.44,1,-1,-1,-1
833,84,314.16,129.08,67.23,203.69,1,-1,-1,-1
833,119,115.56,127.76,68.39,207.18,1,-1,-1,-1
833,118,182.89,162.79,51.21,155.63,1,-1,-1,-1
833,120,376.04,99.98,97.21,293.63,1,-1,-1,-1
833,121,274.83,160.83,39.00,119.00,1,-1,-1,-1
833,123,101.83,52.71,98.87,298.60,1,-1,-1,-1
834,84,313.52,130.38,64.87,196.62,1,-1,-1,-1
834,119,106.40,122.07,72.45,219.34,1,-1,-1,-1
834,118,172.78,166.88,51.90,157.70,1,-1,-1,-1
834,120,374.84,98.79,97.89,295.68,1,-1,-1,-1
834,121,272.37,160.32,39.00,119.00,1,-1,-1,-1
834,123,88.22,47.42,102.95,310.84,1,-1,-1,-1
835,84,314.35,123.71,70.60,213.79,1,-1,-1,-1
835,119,87.59,115.22,77.37,234.11,1,-1,-1,-1
835,118,161.72,161.28,57.19,173.58,1,-1,-1,-1
835,120,374.49,98.47,98.08,296.23,1,-1,-1,-1
835,125,222.03,158.56,44.33,134.99,1,-1,-1,-1
836,84,319.09,125.20,69.38,210.12,1,-1,-1,-1
836,119,83.83,106.87,82.87,250.61,1,-1,-1,-1
836,118,154.80,147.68,64.83,196.52,1,-1,-1,-1
836,120,382.27,106.34,93.68,283.02,1,-1,-1,-1
836,125,226.19,151.13,47.29,143.88,1,-1,-1,-1
836,121,271.59,160.23,39.00,119.00,1,-1,-1,-1
837,84,323.95,128.89,65.78,199.35,1,-1,-1,-1
837,119,74.92,96.75,88.85,268.57,1,-1,-1,-1
837,118,152.11,142.27,67.87,205.63,1,-1,-1,-1
837,120,390.77,101.44,96.41,291.23,1,-1,-1,-1
837,125,227.66,155.84,48.34,147.03,1,-1,-1,-1
837,121,277.42,160.41,39.00,119.00,1,-1,-1,-1
