1,1,1617.00,553.00,39.00,119.00,1,-1,-1,-1
1,2,264.90,581.58,51.78,157.34,1,-1,-1,-1
1,3,502.44,544.22,33.82,103.47,1,-1,-1,-1
1,4,191.01,571.03,51.78,157.34,1,-1,-1,-1
2,1,1619.57,551.16,40.60,123.89,1,-1,-1,-1
2,2,266.35,580.65,47.95,145.70,1,-1,-1,-1
2,3,501.81,538.33,32.52,99.50,1,-1,-1,-1
2,4,185.02,565.04,51.78,157.34,1,-1,-1,-1
3,1,1627.95,552.27,39.64,120.94,1,-1,-1,-1
3,3,503.31,547.41,30.51,93.33,1,-1,-1,-1
3,4,175.92,573.09,54.14,164.50,1,-1,-1,-1
4,1,1635.11,550.64,41.05,125.26,1,-1,-1,-1
4,3,502.03,547.13,31.12,95.21,1,-1,-1,-1
4,4,165.18,576.27,55.07,167.32,1,-1,-1,-1
5,1,1644.36,562.31,39.78,121.39,1,-1,-1,-1
5,3,497.34,542.82,31.34,95.90,1,-1,-1,-1
5,4,153.73,570.30,55.43,168.42,1,-1,-1,-1
6,1,1653.20,572.18,39.28,119.84,1,-1,-1,-1
6,3,495.97,548.23,32.92,100.73,1,-1,-1,-1
6,4,149.75,577.55,53.16,161.51,1,-1,-1,-1
7,1,1655.66,559.83,45.05,137.43,1,-1,-1,-1
7,3,495.46,545.79,33.52,102.56,1,-1,-1,-1
7,4,140.41,578.03,54.72,166.27,1,-1,-1,-1
8,1,1662.68,567.65,47.14,143.79,1,-1,-1,-1
8,3,495.28,549.33,33.75,103.26,1,-1,-1,-1
8,4,129.69,585.51,55.30,168.01,1,-1,-1,-1
9,1,1670.53,575.74,45.94,140.09,1,-1,-1,-1
9,3,493.01,551.69,30.95,94.73,1,-1,-1,-1
9,4,118.31,581.03,55.52,168.67,1,-1,-1,-1
10,1,1678.75,592.80,43.44,132.48,1,-1,-1,-1
10,3,489.64,548.60,31.29,95.76,1,-1,-1,-1
10,4,106.69,571.89,55.60,168.90,1,-1,-1,-1
11,1,1688.68,585.19,44.48,135.61,1,-1,-1,-1
11,3,488.46,551.80,31.40,96.12,1,-1,-1,-1
11,4,95.01,583.18,55.62,168.96,1,-1,-1,-1
12,1,1696.64,590.64,42.88,130.73,1,-1,-1,-1
12,3,483.24,547.50,36.32,111.14,1,-1,-1,-1
12,11,192.59,583.04,59.63,180.89,1,-1,-1,-1
13,1,1701.13,590.36,44.25,134.90,1,-1,-1,-1
13,3,481.64,541.11,34.93,106.89,1,-1,-1,-1
13,11,180.41,576.27,59.63,180.89,1,-1,-1,-1
14,1,1708.69,584.23,44.76,136.43,1,-1,-1,-1
14,3,481.08,542.95,34.30,104.96,1,-1,-1,-1
14,11,172.51,573.51,65.23,197.88,1,-1,-1,-1
15,1,1717.44,587.80,44.94,136.98,1,-1,-1,-1
15,3,480.92,543.67,34.05,104.19,1,-1,-1,-1
15,11,163.48,579.26,61.88,187.71,1,-1,-1,-1
15,12,1614.62,592.62,41.87,127.61,1,-1,-1,-1
16,1,1723.96,584.52,47.14,143.65,1,-1,-1,-1
16,3,479.85,545.56,31.03,94.98,1,-1,-1,-1
16,12,1623.26,597.40,41.87,127.61,1,-1,-1,-1
17,1,1732.68,583.26,47.97,146.14,1,-1,-1,-1
17,3,475.87,544.64,32.87,100.61,1,-1,-1,-1
17,12,1629.52,599.75,40.09,122.20,1,-1,-1,-1
18,1,1742.24,589.11,48.28,147.06,1,-1,-1,-1
18,3,473.49,539.61,36.83,112.68,1,-1,-1,-1
18,13,516.09,545.56,35.83,109.46,1,-1,-1,-1
19,1,1753.46,595.51,46.26,140.91,1,-1,-1,-1
19,3,472.61,537.72,38.32,117.23,1,-1,-1,-1
20,1,1763.61,597.93,45.45,138.44,1,-1,-1,-1
21,1,1772.73,601.08,47.31,144.08,1,-1,-1,-1
21,3,468.13,542.52,35.03,107.17,1,-1,-1,-1
22,1,1782.40,595.81,47.99,146.14,1,-1,-1,-1
22,15,1426.60,529.00,39.00,119.00,1,-1,-1,-1
22,3,464.88,535.79,39.60,121.09,1,-1,-1,-1
23,1,1786.71,593.80,50.52,153.82,1,-1,-1,-1
23,15,1430.17,529.00,39.00,119.00,1,-1,-1,-1
23,3,464.40,536.51,39.23,119.93,1,-1,-1,-1
24,1,1794.93,593.02,51.48,156.71,1,-1,-1,-1
24,15,1432.01,529.00,39.00,119.00,1,-1,-1,-1
24,3,463.66,539.54,40.92,125.06,1,-1,-1,-1
25,1,1809.32,598.93,49.58,150.92,1,-1,-1,-1
25,15,1437.88,534.14,39.00,119.00,1,-1,-1,-1
25,3,458.88,548.30,39.74,121.43,1,-1,-1,-1
26,1,1816.84,601.82,51.11,155.55,1,-1,-1,-1
26,15,1440.48,533.27,40.83,124.57,1,-1,-1,-1
26,3,456.05,549.61,41.12,125.63,1,-1,-1,-1
27,1,1823.32,601.51,54.11,164.62,1,-1,-1,-1
27,15,1446.22,540.86,39.71,121.17,1,-1,-1,-1
27,3,455.03,550.08,41.64,127.17,1,-1,-1,-1
28,1,1832.85,601.37,55.25,168.05,1,-1,-1,-1
28,15,1448.46,538.63,39.26,119.79,1,-1,-1,-1
28,3,454.70,550.22,41.83,127.74,1,-1,-1,-1
29,1,1843.59,608.56,55.67,169.32,1,-1,-1,-1
29,15,1454.51,543.01,39.09,119.27,1,-1,-1,-1
29,3,450.42,552.36,40.06,122.31,1,-1,-1,-1
30,1,1856.41,619.02,53.38,162.34,1,-1,-1,-1
30,15,1456.75,544.64,39.03,119.08,1,-1,-1,-1
31,15,1457.53,550.48,39.00,119.00,1,-1,-1,-1
31,3,440.14,570.90,41.44,126.49,1,-1,-1,-1
32,15,1463.03,557.92,38.99,118.98,1,-1,-1,-1
32,3,439.88,570.57,39.85,121.63,1,-1,-1,-1
33,15,1465.04,550.13,38.99,118.97,1,-1,-1,-1
33,3,439.88,564.99,39.26,119.83,1,-1,-1,-1
34,15,1471.00,547.11,38.99,118.97,1,-1,-1,-1
34,3,438.15,561.08,40.93,124.91,1,-1,-1,-1
35,15,1473.17,545.94,38.99,118.97,1,-1,-1,-1
35,3,434.10,556.15,39.70,121.16,1,-1,-1,-1
36,15,1479.17,545.47,38.99,118.98,1,-1,-1,-1
36,3,432.62,554.17,39.21,119.67,1,-1,-1,-1
36,16,1569.10,526.38,26.91,82.72,1,-1,-1,-1
37,15,1481.34,545.28,38.99,118.98,1,-1,-1,-1
37,3,429.98,545.54,40.92,124.86,1,-1,-1,-1
37,16,1571.62,523.61,27.12,83.35,1,-1,-1,-1
38,15,1484.25,537.00,40.86,124.67,1,-1,-1,-1
38,3,425.97,550.09,39.70,121.15,1,-1,-1,-1
38,16,1570.82,496.93,36.16,111.12,1,-1,-1,-1
38,17,1810.66,620.18,58.83,178.45,1,-1,-1,-1
39,15,1488.31,541.96,39.73,121.20,1,-1,-1,-1
39,3,424.52,546.60,39.22,119.68,1,-1,-1,-1
39,16,1574.53,491.55,37.91,116.45,1,-1,-1,-1
40,15,1495.05,538.65,39.27,119.80,1,-1,-1,-1
40,3,424.07,545.31,39.05,119.14,1,-1,-1,-1
40,16,1581.15,489.22,38.67,118.76,1,-1,-1,-1
41,15,1502.77,542.72,39.09,119.27,1,-1,-1,-1
41,3,423.99,544.86,38.98,118.95,1,-1,-1,-1
41,16,1588.83,500.18,34.36,105.49,1,-1,-1,-1
42,15,1505.53,544.26,39.03,119.07,1,-1,-1,-1
42,3,421.49,547.87,40.84,124.60,1,-1,-1,-1
43,15,1509.81,542.30,40.87,124.70,1,-1,-1,-1
43,3,417.89,551.11,39.69,121.09,1,-1,-1,-1
43,16,1592.62,503.45,37.85,116.17,1,-1,-1,-1
44,15,1513.20,549.24,39.73,121.19,1,-1,-1,-1
44,3,413.65,550.24,41.11,125.42,1,-1,-1,-1
44,16,1595.21,494.48,40.36,123.82,1,-1,-1,-1
45,15,1518.04,549.83,41.14,125.50,1,-1,-1,-1
45,3,415.02,552.04,39.79,121.39,1,-1,-1,-1
45,16,1598.85,490.05,43.23,132.53,1,-1,-1,-1
46,15,1519.75,550.03,41.66,127.08,1,-1,-1,-1
46,3,410.36,552.74,39.27,119.79,1,-1,-1,-1
46,16,1600.83,504.01,40.69,124.72,1,-1,-1,-1
47,15,1527.04,557.43,40.01,122.04,1,-1,-1,-1
47,3,408.70,552.99,39.07,119.20,1,-1,-1,-1
47,16,1612.05,504.62,39.61,121.35,1,-1,-1,-1
48,15,1535.01,560.26,39.35,120.04,1,-1,-1,-1
48,3,405.76,552.67,42.89,130.83,1,-1,-1,-1
48,16,1621.05,523.11,31.63,96.92,1,-1,-1,-1
49,15,1537.03,559.48,40.99,125.04,1,-1,-1,-1
49,3,407.01,558.05,40.55,123.68,1,-1,-1,-1
49,16,1625.10,531.28,31.37,96.14,1,-1,-1,-1
50,15,1537.68,559.16,41.60,126.87,1,-1,-1,-1
50,3,402.36,554.92,39.55,120.64,1,-1,-1,-1
50,16,1630.81,529.39,31.29,95.88,1,-1,-1,-1
51,15,1543.77,565.97,39.98,121.93,1,-1,-1,-1
51,3,400.72,559.08,39.18,119.51,1,-1,-1,-1
51,16,1633.47,513.53,36.26,111.07,1,-1,-1,-1
52,15,1551.27,568.56,39.33,119.97,1,-1,-1,-1
52,3,396.48,558.82,40.93,124.83,1,-1,-1,-1
52,16,1641.37,526.64,32.00,98.02,1,-1,-1,-1
53,15,1553.83,568.05,40.98,124.99,1,-1,-1,-1
53,3,394.97,558.71,41.57,126.79,1,-1,-1,-1
53,16,1642.37,512.06,36.65,112.25,1,-1,-1,-1
54,15,1560.30,567.83,41.59,126.83,1,-1,-1,-1
54,3,392.89,560.39,39.97,121.90,1,-1,-1,-1
54,16,1649.45,521.44,33.52,102.65,1,-1,-1,-1
55,15,1563.76,564.19,43.81,133.57,1,-1,-1,-1
55,3,388.11,559.23,41.22,125.71,1,-1,-1,-1
55,16,1655.27,530.37,30.71,94.05,1,-1,-1,-1
56,15,1565.05,555.29,48.98,149.31,1,-1,-1,-1
56,3,385.19,560.55,39.83,121.47,1,-1,-1,-1
56,16,1658.43,533.14,31.15,95.41,1,-1,-1,-1
56,18,327.40,553.00,39.00,119.00,1,-1,-1,-1
57,15,1572.14,551.87,50.97,155.33,1,-1,-1,-1
57,3,379.72,559.24,41.17,125.54,1,-1,-1,-1
57,16,1662.27,530.48,29.88,91.53,1,-1,-1,-1
57,18,323.83,553.00,39.00,119.00,1,-1,-1,-1
58,15,1574.87,550.47,51.76,157.69,1,-1,-1,-1
58,3,376.93,555.28,39.81,121.40,1,-1,-1,-1
58,16,1665.06,528.63,30.86,94.54,1,-1,-1,-1
58,18,316.96,553.00,39.00,119.00,1,-1,-1,-1
59,15,1582.51,549.92,52.04,158.51,1,-1,-1,-1
59,3,376.87,551.55,41.16,125.51,1,-1,-1,-1
59,16,1666.66,525.30,32.73,100.26,1,-1,-1,-1
59,18,312.08,550.91,40.81,124.53,1,-1,-1,-1
60,15,1586.82,557.78,49.88,151.89,1,-1,-1,-1
60,3,371.29,550.19,41.65,127.01,1,-1,-1,-1
60,16,1666.50,513.36,38.57,118.10,1,-1,-1,-1
60,18,310.24,550.12,41.50,126.63,1,-1,-1,-1
61,15,1587.12,548.81,53.75,163.62,1,-1,-1,-1
61,3,363.63,549.69,41.84,127.57,1,-1,-1,-1
61,16,1667.17,488.42,44.65,136.62,1,-1,-1,-1
61,18,306.53,551.90,39.96,121.92,1,-1,-1,-1
62,15,1593.63,549.27,52.79,160.67,1,-1,-1,-1
62,3,365.98,551.66,40.04,122.11,1,-1,-1,-1
62,18,305.12,547.35,39.34,120.04,1,-1,-1,-1
63,15,1605.27,551.10,47.94,145.93,1,-1,-1,-1
63,3,361.81,561.76,41.24,125.75,1,-1,-1,-1
63,18,299.37,561.44,39.11,119.33,1,-1,-1,-1
64,15,1607.06,557.34,50.56,153.88,1,-1,-1,-1
64,3,359.23,549.88,43.66,133.11,1,-1,-1,-1
64,18,296.01,549.76,42.88,130.81,1,-1,-1,-1
64,16,1686.84,507.23,40.19,122.94,1,-1,-1,-1
65,15,1608.27,560.76,49.21,149.76,1,-1,-1,-1
65,3,353.89,555.12,42.62,129.94,1,-1,-1,-1
65,18,288.95,551.31,44.26,135.01,1,-1,-1,-1
65,19,408.00,554.06,39.56,120.72,1,-1,-1,-1
65,16,1689.63,505.72,39.18,119.80,1,-1,-1,-1
66,3,352.22,564.29,40.32,122.93,1,-1,-1,-1
66,18,288.16,562.61,41.05,125.21,1,-1,-1,-1
66,19,405.78,561.21,40.82,124.56,1,-1,-1,-1
66,16,1695.95,505.26,38.86,118.80,1,-1,-1,-1
67,3,343.71,550.42,43.38,132.23,1,-1,-1,-1
67,18,284.64,554.30,41.61,126.92,1,-1,-1,-1
67,19,399.31,554.22,41.47,126.52,1,-1,-1,-1
67,16,1698.11,515.75,38.76,118.48,1,-1,-1,-1
67,15,1625.26,576.14,45.96,139.86,1,-1,-1,-1
68,3,337.40,545.20,46.56,141.90,1,-1,-1,-1
68,18,277.79,556.93,41.82,127.53,1,-1,-1,-1
68,19,391.32,558.86,43.66,133.19,1,-1,-1,-1
68,16,1703.04,523.86,33.83,103.42,1,-1,-1,-1
68,15,1627.46,567.34,47.42,144.31,1,-1,-1,-1
69,3,332.45,543.50,45.72,139.33,1,-1,-1,-1
69,19,388.14,558.60,42.59,129.92,1,-1,-1,-1
69,16,1707.27,528.96,33.56,102.62,1,-1,-1,-1
69,15,1628.58,570.21,50.21,152.77,1,-1,-1,-1
70,3,328.35,540.37,49.76,151.60,1,-1,-1,-1
70,19,386.92,558.49,42.15,128.57,1,-1,-1,-1
70,16,1707.08,524.29,36.96,112.97,1,-1,-1,-1
70,15,1634.97,572.04,48.99,149.05,1,-1,-1,-1
71,3,325.42,541.33,49.06,149.42,1,-1,-1,-1
71,19,380.59,554.57,43.95,134.06,1,-1,-1,-1
71,16,1707.01,522.65,38.15,116.60,1,-1,-1,-1
71,15,1638.05,571.87,50.82,154.58,1,-1,-1,-1
72,3,322.25,548.11,46.61,141.95,1,-1,-1,-1
72,19,378.54,556.91,42.68,130.19,1,-1,-1,-1
72,16,1706.81,516.71,38.64,118.07,1,-1,-1,-1
72,15,1641.90,568.95,53.93,164.02,1,-1,-1,-1
73,3,316.94,544.37,47.78,145.52,1,-1,-1,-1
73,19,372.18,557.85,42.17,128.61,1,-1,-1,-1
73,16,1706.60,519.62,38.83,118.64,1,-1,-1,-1
73,15,1643.27,567.81,55.12,167.61,1,-1,-1,-1
74,3,309.19,540.84,50.48,153.70,1,-1,-1,-1
74,19,369.85,558.20,41.97,128.01,1,-1,-1,-1
74,16,1711.67,520.72,38.91,118.87,1,-1,-1,-1
74,15,1647.61,570.12,53.15,161.61,1,-1,-1,-1
75,3,304.46,547.86,47.18,143.64,1,-1,-1,-1
75,19,362.28,554.42,43.90,133.85,1,-1,-1,-1
75,16,1713.50,521.12,38.94,118.95,1,-1,-1,-1
75,15,1654.37,578.32,50.03,152.13,1,-1,-1,-1
76,3,297.67,544.32,47.96,146.01,1,-1,-1,-1
76,19,357.04,553.12,46.72,142.42,1,-1,-1,-1
76,16,1714.85,527.37,35.60,108.76,1,-1,-1,-1
76,15,1658.47,581.02,51.19,155.63,1,-1,-1,-1
77,3,288.45,540.86,50.53,153.80,1,-1,-1,-1
77,19,351.64,552.52,45.73,139.39,1,-1,-1,-1
77,16,1714.39,523.39,37.79,115.42,1,-1,-1,-1
77,15,1659.87,581.97,51.60,156.88,1,-1,-1,-1
78,3,284.96,547.96,47.15,143.51,1,-1,-1,-1
78,19,343.61,552.30,45.30,138.07,1,-1,-1,-1
78,16,1714.25,522.04,38.54,117.70,1,-1,-1,-1
78,15,1664.96,582.60,49.46,150.37,1,-1,-1,-1
79,3,277.84,544.40,47.93,145.86,1,-1,-1,-1
79,19,340.68,552.23,45.13,137.54,1,-1,-1,-1
79,15,1668.98,582.41,50.97,154.95,1,-1,-1,-1
80,3,275.37,543.12,48.20,146.69,1,-1,-1,-1
80,19,333.67,552.21,45.06,137.31,1,-1,-1,-1
80,15,1670.36,582.31,51.52,156.61,1,-1,-1,-1
81,3,268.51,549.02,46.16,140.47,1,-1,-1,-1
81,19,325.09,552.22,45.03,137.20,1,-1,-1,-1
81,15,1670.73,582.22,51.73,157.23,1,-1,-1,-1
82,3,259.16,551.43,47.54,144.67,1,-1,-1,-1
82,15,1675.01,579.79,54.27,164.94,1,-1,-1,-1
83,3,255.87,552.31,48.04,146.19,1,-1,-1,-1
83,15,1676.53,578.86,55.22,167.81,1,-1,-1,-1
83,20,136.88,552.41,45.60,138.82,1,-1,-1,-1
84,3,249.60,552.51,46.09,140.25,1,-1,-1,-1
84,15,1676.98,578.47,55.58,168.89,1,-1,-1,-1
84,20,132.82,555.70,43.55,132.58,1,-1,-1,-1
85,3,239.62,552.68,47.51,144.56,1,-1,-1,-1
85,15,1676.38,581.59,58.32,177.20,1,-1,-1,-1
85,20,124.87,559.49,44.40,135.19,1,-1,-1,-1
86,3,233.39,551.01,50.31,153.07,1,-1,-1,-1
86,15,1683.98,579.52,56.78,172.48,1,-1,-1,-1
86,20,115.92,560.96,44.74,136.20,1,-1,-1,-1
86,19,293.50,565.56,42.17,128.51,1,-1,-1,-1
87,3,227.49,552.06,49.12,149.44,1,-1,-1,-1
87,15,1686.74,581.97,58.77,178.50,1,-1,-1,-1
87,20,111.23,555.70,46.97,142.99,1,-1,-1,-1
87,19,286.60,563.08,44.04,134.17,1,-1,-1,-1
88,15,1687.82,586.93,56.90,172.82,1,-1,-1,-1
88,20,104.84,559.44,45.74,139.25,1,-1,-1,-1
88,19,278.25,562.35,44.60,135.88,1,-1,-1,-1
88,18,221.60,561.60,44.86,136.76,1,-1,-1,-1
89,15,1687.96,592.73,58.79,178.54,1,-1,-1,-1
89,20,96.35,560.94,45.24,137.73,1,-1,-1,-1
89,19,268.88,562.60,46.96,143.05,1,-1,-1,-1
90,15,1690.56,588.78,62.28,189.10,1,-1,-1,-1
90,20,87.19,567.52,45.05,137.15,1,-1,-1,-1
90,19,265.84,568.08,45.75,139.34,1,-1,-1,-1
90,24,423.97,539.40,43.78,133.27,1,-1,-1,-1
90,3,216.45,561.02,48.42,147.28,1,-1,-1,-1
91,15,1688.92,593.21,60.85,184.75,1,-1,-1,-1
91,20,77.80,569.98,44.98,136.93,1,-1,-1,-1
91,19,258.10,571.21,47.41,144.37,1,-1,-1,-1
91,24,420.04,551.51,41.14,125.27,1,-1,-1,-1
91,3,208.89,562.39,48.27,146.82,1,-1,-1,-1
92,15,1684.91,565.13,76.55,232.31,1,-1,-1,-1
92,20,71.37,571.86,47.09,143.36,1,-1,-1,-1
92,19,248.95,572.35,48.02,146.22,1,-1,-1,-1
92,24,410.51,552.29,43.54,132.56,1,-1,-1,-1
92,3,199.81,569.40,48.22,146.67,1,-1,-1,-1
93,15,1678.79,556.82,85.82,260.33,1,-1,-1,-1
93,20,62.68,572.54,47.88,145.75,1,-1,-1,-1
93,19,240.87,577.75,46.12,140.44,1,-1,-1,-1
93,24,406.05,561.79,42.52,129.46,1,-1,-1,-1
93,3,190.10,571.96,48.20,146.62,1,-1,-1,-1
94,15,1676.04,553.28,89.78,272.24,1,-1,-1,-1
94,20,50.89,577.75,46.07,140.23,1,-1,-1,-1
94,19,238.08,579.78,45.37,138.14,1,-1,-1,-1
94,24,398.72,565.57,42.11,128.21,1,-1,-1,-1
94,3,180.15,572.84,48.20,146.61,1,-1,-1,-1
94,25,1692.12,600.51,63.12,191.33,1,-1,-1,-1
95,15,1676.02,551.98,95.42,289.23,1,-1,-1,-1
95,19,225.82,574.55,49.57,150.91,1,-1,-1,-1
95,24,394.39,573.57,40.10,122.11,1,-1,-1,-1
95,3,176.65,573.10,48.21,146.62,1,-1,-1,-1
95,25,1696.71,600.19,66.18,200.62,1,-1,-1,-1
96,15,1686.21,551.41,93.59,283.58,1,-1,-1,-1
96,19,218.18,579.73,48.87,148.76,1,-1,-1,-1
96,24,387.48,576.55,39.33,119.79,1,-1,-1,-1
96,3,163.07,572.31,50.52,153.64,1,-1,-1,-1
96,25,1701.00,607.38,64.88,196.66,1,-1,-1,-1
97,15,1690.39,551.28,92.69,280.77,1,-1,-1,-1
97,19,215.50,581.77,48.56,147.80,1,-1,-1,-1
97,24,372.03,561.30,45.13,137.43,1,-1,-1,-1
97,3,158.15,571.99,51.38,156.25,1,-1,-1,-1
97,25,1702.78,610.38,64.32,194.98,1,-1,-1,-1
98,19,208.26,582.49,48.43,147.40,1,-1,-1,-1
98,24,368.71,571.27,41.46,126.26,1,-1,-1,-1
98,3,149.14,577.61,47.31,143.88,1,-1,-1,-1
98,25,1711.87,611.51,64.11,194.33,1,-1,-1,-1
98,26,1695.41,544.86,32.96,100.98,1,-1,-1,-1
99,19,199.27,582.71,48.37,147.21,1,-1,-1,-1
99,24,362.39,574.49,41.74,127.14,1,-1,-1,-1
99,3,139.89,581.21,47.89,145.64,1,-1,-1,-1
99,25,1715.31,611.93,64.03,194.09,1,-1,-1,-1
99,26,1691.91,544.94,36.22,110.95,1,-1,-1,-1
100,19,191.54,582.40,50.64,154.10,1,-1,-1,-1
100,24,345.53,558.80,48.28,147.03,1,-1,-1,-1
100,3,130.22,582.45,48.10,146.27,1,-1,-1,-1
100,25,1715.09,613.41,67.01,203.12,1,-1,-1,-1
100,26,1690.12,544.98,37.88,116.02,1,-1,-1,-1
101,19,181.95,582.26,51.49,156.65,1,-1,-1,-1
101,24,342.55,569.04,44.57,135.73,1,-1,-1,-1
101,3,120.34,582.84,48.18,146.52,1,-1,-1,-1
101,25,1714.98,613.95,68.13,206.50,1,-1,-1,-1
101,26,1689.37,544.99,38.58,118.14,1,-1,-1,-1
102,19,171.63,582.16,51.81,157.60,1,-1,-1,-1
102,24,336.07,573.52,42.89,130.62,1,-1,-1,-1
102,3,117.74,587.57,46.05,140.07,1,-1,-1,-1
102,25,1717.24,613.62,71.77,217.50,1,-1,-1,-1
102,26,1684.01,545.00,38.86,118.97,1,-1,-1,-1
103,19,166.95,582.42,49.64,150.99,1,-1,-1,-1
103,24,328.15,575.14,42.26,128.71,1,-1,-1,-1
103,3,109.70,584.54,47.44,144.29,1,-1,-1,-1
103,25,1724.70,613.99,69.98,212.09,1,-1,-1,-1
103,26,1681.91,545.00,38.96,119.27,1,-1,-1,-1
104,19,158.98,582.47,48.77,148.35,1,-1,-1,-1
104,24,319.71,575.71,42.02,128.00,1,-1,-1,-1
104,3,100.46,583.42,47.94,145.82,1,-1,-1,-1
104,25,1727.62,614.11,69.23,209.81,1,-1,-1,-1
104,26,1681.11,545.00,39.00,119.36,1,-1,-1,-1
104,27,1545.80,515.94,29.74,91.25,1,-1,-1,-1
104,28,385.22,571.69,44.34,134.99,1,-1,-1,-1
105,24,313.27,582.20,40.06,122.03,1,-1,-1,-1
105,3,87.99,582.60,50.44,153.39,1,-1,-1,-1
105,25,1731.63,613.61,72.19,218.76,1,-1,-1,-1
105,26,1680.83,545.00,39.01,119.37,1,-1,-1,-1
105,27,1543.14,515.05,30.69,94.15,1,-1,-1,-1
106,24,303.13,578.18,41.22,125.57,1,-1,-1,-1
106,3,76.66,582.26,51.38,156.23,1,-1,-1,-1
106,25,1730.17,622.92,70.09,212.39,1,-1,-1,-1
106,26,1675.54,545.00,39.01,119.35,1,-1,-1,-1
106,27,1537.98,515.83,29.85,91.59,1,-1,-1,-1
107,3,72.56,575.23,51.74,157.31,1,-1,-1,-1
107,25,1732.46,616.85,72.50,219.68,1,-1,-1,-1
107,26,1673.54,545.00,39.01,119.33,1,-1,-1,-1
107,27,1535.24,515.79,28.22,86.59,1,-1,-1,-1
108,3,60.01,569.65,54.31,165.11,1,-1,-1,-1
108,25,1739.36,624.14,70.18,212.62,1,-1,-1,-1
108,26,1667.21,536.90,40.85,124.92,1,-1,-1,-1
109,3,52.98,570.34,52.87,160.72,1,-1,-1,-1
109,25,1741.96,626.98,69.23,209.76,1,-1,-1,-1
109,26,1665.22,541.83,39.73,121.47,1,-1,-1,-1
110,3,43.71,570.64,52.27,158.87,1,-1,-1,-1
110,25,1744.80,626.13,75.68,229.26,1,-1,-1,-1
110,26,1664.52,543.84,39.27,120.05,1,-1,-1,-1
110,30,197.16,584.23,41.31,125.89,1,-1,-1,-1
110,24,267.99,583.77,41.80,127.36,1,-1,-1,-1
111,3,33.56,570.77,52.03,158.14,1,-1,-1,-1
111,25,1745.83,625.83,78.03,236.35,1,-1,-1,-1
111,30,187.62,587.84,38.56,117.54,1,-1,-1,-1
111,31,321.35,569.08,45.60,138.82,1,-1,-1,-1
111,24,258.99,584.29,41.88,127.59,1,-1,-1,-1
112,3,24.10,575.43,54.40,165.33,1,-1,-1,-1
112,25,1746.13,625.65,78.94,239.09,1,-1,-1,-1
112,30,179.35,591.21,35.54,108.33,1,-1,-1,-1
112,31,313.00,570.84,47.05,143.23,1,-1,-1,-1
112,24,250.26,584.46,41.90,127.67,1,-1,-1,-1
113,3,12.91,579.48,52.86,160.64,1,-1,-1,-1
113,25,1746.15,625.54,79.27,240.05,1,-1,-1,-1
113,30,169.55,590.99,36.00,109.75,1,-1,-1,-1
113,24,241.59,584.49,41.91,127.69,1,-1,-1,-1
114,3,8.51,581.42,49.91,151.68,1,-1,-1,-1
114,25,1746.08,625.47,79.36,240.31,1,-1,-1,-1
114,30,158.09,592.42,37.89,115.52,1,-1,-1,-1
114,24,233.27,590.38,40.04,122.01,1,-1,-1,-1
114,19,65.04,581.86,51.65,157.07,1,-1,-1,-1
115,3,0.69,581.77,51.14,155.40,1,-1,-1,-1
115,25,1745.99,625.41,79.37,240.31,1,-1,-1,-1
115,30,147.28,596.27,36.90,112.52,1,-1,-1,-1
115,24,225.13,592.59,39.32,119.83,1,-1,-1,-1
115,19,51.72,574.50,57.04,173.42,1,-1,-1,-1
116,3,-1.99,588.71,49.27,149.75,1,-1,-1,-1
116,25,1749.24,621.00,83.07,251.49,1,-1,-1,-1
116,30,138.22,597.76,36.51,111.33,1,-1,-1,-1
116,24,210.24,593.09,40.95,124.82,1,-1,-1,-1
116,19,44.91,576.54,56.32,171.18,1,-1,-1,-1
117,25,1757.43,633.92,80.79,244.57,1,-1,-1,-1
117,24,199.36,593.25,41.55,126.65,1,-1,-1,-1
117,19,35.30,577.40,55.99,170.15,1,-1,-1,-1
118,25,1760.59,639.05,79.82,241.63,1,-1,-1,-1
118,24,189.90,593.25,41.78,127.35,1,-1,-1,-1
118,19,18.28,574.36,61.29,186.20,1,-1,-1,-1
118,32,253.30,572.81,50.43,153.24,1,-1,-1,-1
119,25,1761.70,640.94,79.44,240.45,1,-1,-1,-1
119,19,11.43,579.69,60.54,183.89,1,-1,-1,-1
119,32,242.04,571.81,51.19,155.54,1,-1,-1,-1
119,30,121.85,600.96,40.98,124.96,1,-1,-1,-1
120,25,1762.02,641.58,79.28,239.95,1,-1,-1,-1
120,32,232.72,578.24,49.39,150.07,1,-1,-1,-1
120,30,113.43,599.49,43.68,133.16,1,-1,-1,-1
121,25,1762.06,641.76,79.20,239.71,1,-1,-1,-1
121,32,218.93,580.53,50.91,154.72,1,-1,-1,-1
121,30,104.49,598.92,44.68,136.22,1,-1,-1,-1
122,25,1766.17,638.13,82.92,250.94,1,-1,-1,-1
122,32,207.04,581.38,51.48,156.45,1,-1,-1,-1
122,30,95.22,598.68,45.06,137.36,1,-1,-1,-1
123,25,1767.66,636.75,84.30,255.11,1,-1,-1,-1
123,32,195.67,581.70,51.70,157.12,1,-1,-1,-1
123,30,82.26,605.95,43.23,131.78,1,-1,-1,-1
123,33,273.29,560.46,41.31,125.89,1,-1,-1,-1
124,25,1779.28,647.33,84.82,256.65,1,-1,-1,-1
124,32,184.53,581.80,51.79,157.36,1,-1,-1,-1
124,30,71.81,608.79,42.48,129.48,1,-1,-1,-1
124,33,264.87,564.06,41.62,126.85,1,-1,-1,-1
125,25,1783.31,645.92,88.98,269.21,1,-1,-1,-1
125,32,173.52,581.82,51.81,157.45,1,-1,-1,-1
125,30,59.25,608.33,44.19,134.66,1,-1,-1,-1
125,33,254.85,562.56,43.68,133.13,1,-1,-1,-1
125,15,1768.65,547.05,128.48,388.41,1,-1,-1,-1
126,25,1784.77,645.35,90.55,273.91,1,-1,-1,-1
126,32,162.56,581.81,51.82,157.47,1,-1,-1,-1
126,30,48.76,608.14,44.82,136.57,1,-1,-1,-1
126,33,245.07,561.96,44.51,135.63,1,-1,-1,-1
127,25,1797.12,645.07,91.12,275.63,1,-1,-1,-1
127,32,151.61,588.59,49.53,150.52,1,-1,-1,-1
127,30,34.32,610.72,47.16,143.69,1,-1,-1,-1
127,33,236.46,565.13,42.89,130.72,1,-1,-1,-1
128,25,1801.39,650.36,87.33,264.16,1,-1,-1,-1
128,32,139.72,589.41,53.48,162.52,1,-1,-1,-1
128,30,22.66,611.69,48.05,146.37,1,-1,-1,-1
128,33,227.53,566.38,42.25,128.75,1,-1,-1,-1
129,25,1797.50,651.30,94.20,284.90,1,-1,-1,-1
129,32,128.20,589.70,54.90,166.80,1,-1,-1,-1
129,30,11.59,615.28,46.27,140.96,1,-1,-1,-1
129,33,218.62,572.45,42.00,128.00,1,-1,-1,-1
130,25,1801.64,659.06,92.51,279.74,1,-1,-1,-1
130,32,119.85,597.86,50.76,154.25,1,-1,-1,-1
130,30,1.61,617.73,43.53,132.61,1,-1,-1,-1
130,33,209.74,574.73,41.91,127.72,1,-1,-1,-1
131,25,1803.13,662.11,91.75,277.43,1,-1,-1,-1
131,32,106.03,592.63,53.96,163.95,1,-1,-1,-1
131,33,198.11,572.45,43.87,133.68,1,-1,-1,-1
131,34,1729.00,561.00,39.00,119.00,1,-1,-1,-1
132,25,1810.81,655.57,95.73,289.45,1,-1,-1,-1
132,32,93.85,598.12,55.08,167.35,1,-1,-1,-1
132,33,191.02,574.64,42.64,129.94,1,-1,-1,-1
132,34,1724.54,561.00,39.00,119.00,1,-1,-1,-1
133,25,1818.32,660.58,92.98,281.12,1,-1,-1,-1
133,32,85.46,601.58,53.07,161.25,1,-1,-1,-1
133,33,182.81,575.46,42.15,128.44,1,-1,-1,-1
133,34,1722.23,561.00,39.00,119.00,1,-1,-1,-1
134,25,1821.10,662.50,91.83,277.62,1,-1,-1,-1
134,32,71.65,601.48,54.75,166.35,1,-1,-1,-1
134,33,174.23,581.41,41.96,127.87,1,-1,-1,-1
134,34,1721.32,561.00,39.00,119.00,1,-1,-1,-1
135,25,1822.00,663.16,91.37,276.23,1,-1,-1,-1
135,32,56.89,609.64,52.93,160.80,1,-1,-1,-1
135,33,165.54,583.61,41.89,127.66,1,-1,-1,-1
135,34,1715.80,561.00,39.00,119.00,1,-1,-1,-1
136,25,1830.40,668.69,95.51,288.71,1,-1,-1,-1
136,32,46.63,611.88,54.69,166.15,1,-1,-1,-1
136,33,156.82,584.38,41.87,127.58,1,-1,-1,-1
136,34,1713.70,561.00,39.00,119.00,1,-1,-1,-1
137,32,35.67,612.66,55.34,168.10,1,-1,-1,-1
137,33,148.08,584.62,41.86,127.56,1,-1,-1,-1
137,34,1712.93,561.00,39.00,119.00,1,-1,-1,-1
138,32,17.57,609.83,58.20,176.78,1,-1,-1,-1
138,34,1712.67,561.00,39.00,119.00,1,-1,-1,-1
139,32,3.12,611.72,56.70,172.20,1,-1,-1,-1
139,34,1707.36,561.00,39.00,119.00,1,-1,-1,-1
140,34,1705.37,561.00,39.00,119.00,1,-1,-1,-1
141,34,1704.67,555.74,39.00,119.00,1,-1,-1,-1
141,35,1561.00,545.00,39.00,119.00,1,-1,-1,-1
142,34,1704.45,553.75,39.00,119.00,1,-1,-1,-1
142,35,1561.00,545.00,39.00,119.00,1,-1,-1,-1
143,34,1703.02,563.09,37.26,113.70,1,-1,-1,-1
143,35,1555.97,545.00,39.00,119.00,1,-1,-1,-1
144,34,1698.59,561.81,38.37,117.08,1,-1,-1,-1
144,35,1553.95,545.00,39.00,119.00,1,-1,-1,-1
145,34,1697.01,561.34,38.77,118.30,1,-1,-1,-1
145,35,1547.64,542.52,40.83,124.57,1,-1,-1,-1
146,34,1696.47,561.15,38.92,118.77,1,-1,-1,-1
146,35,1545.63,544.03,39.71,121.17,1,-1,-1,-1
147,34,1696.33,566.35,38.98,118.95,1,-1,-1,-1
147,35,1538.87,547.76,41.11,125.43,1,-1,-1,-1
148,34,1691.05,563.04,39.00,119.01,1,-1,-1,-1
148,35,1537.14,551.23,39.81,121.46,1,-1,-1,-1
149,34,1688.37,566.57,37.27,113.73,1,-1,-1,-1
149,35,1531.26,547.31,39.29,119.87,1,-1,-1,-1
150,34,1682.82,563.01,38.37,117.11,1,-1,-1,-1
150,35,1529.11,551.11,39.09,119.27,1,-1,-1,-1
151,35,1523.10,552.53,39.02,119.05,1,-1,-1,-1
152,35,1513.73,545.24,40.86,124.65,1,-1,-1,-1
153,35,1506.97,545.00,39.71,121.16,1,-1,-1,-1
154,35,1502.18,542.38,41.13,125.46,1,-1,-1,-1
155,35,1497.54,543.91,39.81,121.44,1,-1,-1,-1
156,35,1490.61,544.54,39.28,119.83,1,-1,-1,-1
157,35,1482.86,544.78,39.08,119.24,1,-1,-1,-1
158,35,1476.68,542.34,40.89,124.73,1,-1,-1,-1
159,35,1472.65,538.73,39.72,121.16,1,-1,-1,-1
160,35,1466.02,542.65,39.25,119.73,1,-1,-1,-1
161,35,1463.72,538.82,39.07,119.20,1,-1,-1,-1
162,35,1458.81,540.17,40.89,124.72,1,-1,-1,-1
163,35,1456.03,543.17,39.72,121.16,1,-1,-1,-1
164,35,1449.88,544.37,39.25,119.73,1,-1,-1,-1
165,35,1442.44,544.82,39.08,119.20,1,-1,-1,-1
166,35,1439.83,544.98,39.01,119.01,1,-1,-1,-1
167,35,1433.74,539.74,38.99,118.94,1,-1,-1,-1
168,35,1426.33,537.77,38.98,118.93,1,-1,-1,-1
169,35,1423.72,537.04,38.98,118.93,1,-1,-1,-1
170,35,1416.80,533.88,40.85,124.63,1,-1,-1,-1
171,35,1414.32,532.72,41.55,126.75,1,-1,-1,-1
172,35,1408.02,532.31,41.82,127.55,1,-1,-1,-1
173,35,1405.79,532.19,41.92,127.83,1,-1,-1,-1
174,35,1406.28,535.06,40.09,122.27,1,-1,-1,-1
175,35,1399.27,534.21,43.29,132.02,1,-1,-1,-1
176,35,1398.78,540.96,40.68,124.05,1,-1,-1,-1
177,35,1398.93,543.75,39.58,120.71,1,-1,-1,-1
178,35,1393.77,544.76,39.18,119.49,1,-1,-1,-1
179,35,1390.01,542.56,40.92,124.79,1,-1,-1,-1
180,35,1385.43,544.25,39.71,121.12,1,-1,-1,-1
181,35,1383.85,544.89,39.23,119.66,1,-1,-1,-1
182,35,1379.71,537.78,42.96,131.01,1,-1,-1,-1
183,35,1376.65,542.25,40.57,123.71,1,-1,-1,-1
184,35,1372.96,541.56,41.44,126.38,1,-1,-1,-1
185,35,1371.68,535.69,41.76,127.34,1,-1,-1,-1
186,35,1368.76,541.59,40.02,122.04,1,-1,-1,-1
187,35,1368.65,536.53,43.27,131.91,1,-1,-1,-1
187,37,1617.00,559.40,39.00,119.00,1,-1,-1,-1
188,35,1364.80,539.33,42.48,129.51,1,-1,-1,-1
188,37,1617.00,555.83,39.00,119.00,1,-1,-1,-1
189,35,1363.44,540.49,42.14,128.48,1,-1,-1,-1
189,37,1617.00,553.99,39.00,119.00,1,-1,-1,-1
190,35,1357.36,540.93,42.01,128.07,1,-1,-1,-1
190,37,1614.38,551.17,40.81,124.53,1,-1,-1,-1
191,35,1355.18,541.10,41.95,127.89,1,-1,-1,-1
191,37,1615.98,552.17,39.71,121.15,1,-1,-1,-1
192,35,1352.68,543.69,40.06,122.13,1,-1,-1,-1
192,37,1613.97,550.47,41.10,125.40,1,-1,-1,-1
193,35,1353.72,542.10,41.23,125.70,1,-1,-1,-1
193,37,1615.84,551.93,39.81,121.45,1,-1,-1,-1
194,35,1352.36,544.04,39.80,121.33,1,-1,-1,-1
194,37,1616.59,552.53,39.29,119.86,1,-1,-1,-1
195,35,1348.04,542.22,41.13,125.41,1,-1,-1,-1
195,37,1622.14,552.77,39.09,119.27,1,-1,-1,-1
196,35,1346.51,541.55,41.62,126.89,1,-1,-1,-1
196,37,1618.95,552.86,39.02,119.05,1,-1,-1,-1
197,35,1346.04,541.30,41.81,127.46,1,-1,-1,-1
197,37,1623.00,552.90,38.99,118.97,1,-1,-1,-1
198,35,1343.07,536.48,43.87,133.74,1,-1,-1,-1
198,37,1624.52,552.93,38.98,118.94,1,-1,-1,-1
199,35,1342.01,534.68,44.65,136.08,1,-1,-1,-1
199,37,1625.07,552.94,38.98,118.94,1,-1,-1,-1
200,35,1341.69,534.00,44.94,136.96,1,-1,-1,-1
200,37,1628.64,550.80,40.85,124.63,1,-1,-1,-1
201,35,1338.96,538.44,43.06,131.23,1,-1,-1,-1
201,37,1629.95,550.01,41.55,126.74,1,-1,-1,-1
202,35,1340.76,535.42,44.34,135.10,1,-1,-1,-1
202,37,1632.29,551.83,39.97,121.94,1,-1,-1,-1
203,35,1338.76,539.01,42.82,130.47,1,-1,-1,-1
203,37,1631.23,550.40,41.23,125.76,1,-1,-1,-1
204,35,1338.07,540.43,42.21,128.63,1,-1,-1,-1
204,37,1635.14,545.60,43.66,133.17,1,-1,-1,-1
205,35,1337.88,540.96,41.99,127.94,1,-1,-1,-1
205,37,1637.88,548.00,42.64,130.04,1,-1,-1,-1
206,35,1336.79,543.70,40.02,121.97,1,-1,-1,-1
206,37,1640.40,551.14,40.35,123.05,1,-1,-1,-1
207,35,1334.12,543.50,43.24,131.77,1,-1,-1,-1
207,37,1645.46,550.18,41.36,126.12,1,-1,-1,-1
208,35,1330.90,547.68,42.41,129.25,1,-1,-1,-1
208,37,1648.43,557.22,39.86,121.57,1,-1,-1,-1
209,35,1330.14,538.12,46.24,140.89,1,-1,-1,-1
209,37,1647.42,554.18,43.20,131.73,1,-1,-1,-1
210,35,1329.86,534.63,47.65,145.14,1,-1,-1,-1
210,37,1652.97,553.10,44.40,135.37,1,-1,-1,-1
211,35,1331.68,539.91,46.09,140.40,1,-1,-1,-1
211,37,1655.54,556.50,42.90,130.79,1,-1,-1,-1
212,35,1332.48,542.04,45.45,138.42,1,-1,-1,-1
212,37,1662.13,557.84,42.29,128.91,1,-1,-1,-1
212,38,879.85,532.60,20.44,63.31,1,-1,-1,-1
213,35,1332.83,542.85,45.19,137.64,1,-1,-1,-1
213,37,1664.51,558.33,42.05,128.19,1,-1,-1,-1
213,38,879.17,530.81,21.27,65.88,1,-1,-1,-1
214,35,1332.99,543.14,45.09,137.32,1,-1,-1,-1
214,37,1671.00,558.49,41.96,127.91,1,-1,-1,-1
215,35,1333.08,543.25,45.04,137.18,1,-1,-1,-1
215,37,1673.68,554.61,43.93,133.89,1,-1,-1,-1
216,35,1333.14,549.34,45.02,137.11,1,-1,-1,-1
216,37,1680.59,553.15,44.66,136.11,1,-1,-1,-1
217,35,1336.54,555.55,43.00,130.97,1,-1,-1,-1
217,37,1683.15,552.59,44.94,136.94,1,-1,-1,-1
218,35,1337.87,557.88,42.22,128.60,1,-1,-1,-1
218,37,1690.03,552.38,45.03,137.22,1,-1,-1,-1
219,35,1341.12,554.70,43.98,133.94,1,-1,-1,-1
220,35,1342.30,553.52,44.62,135.88,1,-1,-1,-1
221,35,1341.31,546.67,47.00,143.13,1,-1,-1,-1
222,35,1345.16,548.62,43.84,133.50,1,-1,-1,-1
223,35,1348.86,544.67,46.77,142.41,1,-1,-1,-1
224,35,1350.17,543.28,47.81,145.55,1,-1,-1,-1
225,35,1351.66,543.07,46.09,140.31,1,-1,-1,-1
226,35,1351.14,542.68,47.55,144.76,1,-1,-1,-1
227,35,1350.93,542.55,48.09,146.38,1,-1,-1,-1
228,35,1357.28,542.51,48.29,146.97,1,-1,-1,-1
228,37,1755.29,543.56,44.93,136.88,1,-1,-1,-1
229,35,1359.68,542.51,48.35,147.16,1,-1,-1,-1
229,37,1763.11,542.81,47.18,143.70,1,-1,-1,-1
230,35,1360.54,542.53,48.37,147.19,1,-1,-1,-1
230,37,1772.16,542.55,47.91,145.88,1,-1,-1,-1
231,35,1362.47,540.35,50.66,154.14,1,-1,-1,-1
231,37,1781.88,542.47,48.18,146.70,1,-1,-1,-1
232,35,1367.98,547.95,47.15,143.48,1,-1,-1,-1
232,37,1791.79,542.46,48.28,146.98,1,-1,-1,-1
233,35,1370.08,551.04,45.71,139.09,1,-1,-1,-1
233,37,1801.82,542.48,48.31,147.06,1,-1,-1,-1
234,35,1370.66,545.66,47.37,144.13,1,-1,-1,-1
234,37,1811.81,542.50,48.32,147.07,1,-1,-1,-1
235,35,1370.96,550.04,45.83,139.47,1,-1,-1,-1
235,37,1821.84,542.52,48.32,147.05,1,-1,-1,-1
236,35,1373.07,543.04,49.75,151.35,1,-1,-1,-1
236,37,1828.07,540.34,50.61,154.00,1,-1,-1,-1
237,35,1373.83,540.53,51.16,155.61,1,-1,-1,-1
237,37,1840.31,541.69,49.21,149.73,1,-1,-1,-1
238,35,1380.85,539.55,51.70,157.26,1,-1,-1,-1
238,37,1846.27,535.66,53.42,162.51,1,-1,-1,-1
239,35,1383.52,539.19,51.90,157.84,1,-1,-1,-1
239,37,1857.21,530.96,52.57,159.91,1,-1,-1,-1
240,35,1390.23,534.76,54.40,165.43,1,-1,-1,-1
241,35,1393.85,537.35,52.94,160.96,1,-1,-1,-1
242,35,1395.15,538.45,52.32,159.06,1,-1,-1,-1
243,35,1403.82,541.40,47.62,144.78,1,-1,-1,-1
244,35,1406.99,542.58,45.77,139.19,1,-1,-1,-1
245,35,1413.81,540.40,49.71,151.15,1,-1,-1,-1
246,35,1418.65,541.80,48.83,148.48,1,-1,-1,-1
247,35,1424.88,540.16,50.79,154.41,1,-1,-1,-1
248,35,1429.04,541.73,49.23,149.69,1,-1,-1,-1
249,35,1435.45,540.14,50.93,154.85,1,-1,-1,-1
250,35,1438.51,535.23,54.00,164.16,1,-1,-1,-1
251,35,1446.61,539.77,50.52,153.57,1,-1,-1,-1
252,35,1455.56,539.43,51.40,156.24,1,-1,-1,-1
253,35,1458.71,539.31,51.72,157.20,1,-1,-1,-1
254,35,1466.64,528.14,56.93,173.00,1,-1,-1,-1
255,35,1476.25,534.75,53.94,163.93,1,-1,-1,-1
256,35,1486.05,539.82,50.32,152.94,1,-1,-1,-1
257,35,1493.67,535.03,53.84,163.59,1,-1,-1,-1
258,35,1503.66,533.35,55.07,167.32,1,-1,-1,-1
259,35,1507.31,532.72,55.54,168.73,1,-1,-1,-1
260,35,1515.84,532.50,55.70,169.22,1,-1,-1,-1
261,35,1526.33,532.44,55.75,169.35,1,-1,-1,-1
267,40,1211.40,518.16,41.31,125.89,1,-1,-1,-1
270,35,1566.21,592.71,59.44,180.49,1,-1,-1,-1
271,35,1581.71,589.49,62.53,189.83,1,-1,-1,-1
272,35,1595.44,596.85,63.60,193.02,1,-1,-1,-1
273,35,1611.72,591.27,67.00,203.27,1,-1,-1,-1
274,35,1625.15,587.26,71.46,216.75,1,-1,-1,-1
275,35,1640.58,587.39,70.06,212.45,1,-1,-1,-1
276,35,1655.42,596.37,69.42,210.49,1,-1,-1,-1
277,35,1675.49,595.18,75.86,229.95,1,-1,-1,-1
280,35,1725.53,608.62,78.59,238.14,1,-1,-1,-1
281,35,1742.80,599.67,78.84,238.83,1,-1,-1,-1
283,42,1734.11,542.02,57.23,173.76,1,-1,-1,-1
284,42,1748.05,544.59,58.54,177.72,1,-1,-1,-1
284,35,1804.69,609.24,78.93,239.03,1,-1,-1,-1
285,42,1762.84,545.93,59.21,179.76,1,-1,-1,-1
285,35,1823.38,610.21,78.93,239.01,1,-1,-1,-1
286,42,1775.29,538.30,62.23,188.90,1,-1,-1,-1
287,42,1788.95,543.47,60.66,184.15,1,-1,-1,-1
287,43,1258.60,553.00,39.00,119.00,1,-1,-1,-1
288,42,1802.01,537.24,62.82,190.68,1,-1,-1,-1
288,43,1264.97,551.19,40.58,123.80,1,-1,-1,-1
289,42,1814.83,543.12,60.87,184.75,1,-1,-1,-1
289,43,1270.07,552.28,39.63,120.92,1,-1,-1,-1
290,42,1823.55,534.73,65.93,200.09,1,-1,-1,-1
290,43,1277.33,552.74,39.23,119.70,1,-1,-1,-1
291,42,1835.55,531.67,67.78,205.69,1,-1,-1,-1
291,43,1280.08,552.91,39.08,119.23,1,-1,-1,-1
292,42,1852.82,541.07,65.55,198.90,1,-1,-1,-1
292,43,1286.30,552.98,39.02,119.06,1,-1,-1,-1
293,42,1867.93,544.85,64.63,196.09,1,-1,-1,-1
315,44,1381.86,591.95,48.25,146.74,1,-1,-1,-1
316,44,1386.23,591.95,48.25,146.74,1,-1,-1,-1
317,44,1388.49,591.95,48.25,146.74,1,-1,-1,-1
318,44,1394.58,596.04,46.15,140.38,1,-1,-1,-1
319,44,1398.14,599.93,47.48,144.41,1,-1,-1,-1
322,45,1528.34,589.13,44.95,136.84,1,-1,-1,-1
323,45,1532.45,589.13,44.95,136.84,1,-1,-1,-1
324,45,1534.62,591.32,43.04,131.04,1,-1,-1,-1
326,48,212.12,634.36,51.78,157.34,1,-1,-1,-1
327,48,212.23,634.76,48.01,145.90,1,-1,-1,-1
327,45,1550.86,589.51,44.60,135.80,1,-1,-1,-1
328,48,205.36,634.51,50.38,153.08,1,-1,-1,-1
328,45,1555.58,591.07,47.04,143.21,1,-1,-1,-1
329,48,202.78,634.42,51.26,155.77,1,-1,-1,-1
329,45,1561.18,584.98,50.14,152.62,1,-1,-1,-1
330,48,195.00,634.38,51.61,156.84,1,-1,-1,-1
330,45,1562.69,580.35,53.71,163.44,1,-1,-1,-1
331,48,192.00,634.36,51.75,157.24,1,-1,-1,-1
332,48,185.06,627.14,54.23,164.78,1,-1,-1,-1
333,48,188.22,624.77,52.76,160.33,1,-1,-1,-1
334,48,182.64,623.87,52.17,158.51,1,-1,-1,-1
335,48,180.59,623.55,51.94,157.81,1,-1,-1,-1
336,48,173.49,623.10,54.31,165.02,1,-1,-1,-1
337,48,170.34,630.12,52.78,160.35,1,-1,-1,-1
338,48,169.23,632.94,52.15,158.46,1,-1,-1,-1
339,48,161.91,633.99,51.92,157.74,1,-1,-1,-1
340,48,159.30,634.51,54.30,164.99,1,-1,-1,-1
341,48,151.05,634.70,55.19,167.68,1,-1,-1,-1
342,48,146.94,632.78,58.15,176.63,1,-1,-1,-1
342,44,1443.90,607.33,59.42,180.63,1,-1,-1,-1
343,48,146.89,647.42,54.28,164.88,1,-1,-1,-1
343,44,1444.73,615.16,59.70,181.40,1,-1,-1,-1
344,48,140.06,653.33,52.67,159.99,1,-1,-1,-1
344,44,1444.72,613.31,62.58,190.07,1,-1,-1,-1
345,48,135.12,655.64,57.26,173.93,1,-1,-1,-1
345,44,1444.67,620.90,63.67,193.35,1,-1,-1,-1
346,48,127.62,664.63,56.34,171.11,1,-1,-1,-1
346,44,1444.58,623.88,64.09,194.55,1,-1,-1,-1
347,48,117.37,668.13,55.94,169.88,1,-1,-1,-1
347,44,1444.47,624.99,64.22,194.93,1,-1,-1,-1
348,48,113.64,669.35,55.77,169.38,1,-1,-1,-1
348,44,1444.63,637.65,61.45,186.50,1,-1,-1,-1
349,48,112.41,669.71,55.70,169.16,1,-1,-1,-1
349,44,1444.36,638.59,63.20,191.79,1,-1,-1,-1
350,48,101.49,669.35,58.32,177.09,1,-1,-1,-1
350,44,1452.38,642.71,61.03,185.20,1,-1,-1,-1
351,48,97.50,669.17,59.29,180.03,1,-1,-1,-1
351,44,1455.80,640.30,63.03,191.23,1,-1,-1,-1
351,45,1586.84,624.46,63.70,193.68,1,-1,-1,-1
352,48,91.91,676.76,57.04,173.20,1,-1,-1,-1
352,44,1457.01,647.84,63.76,193.42,1,-1,-1,-1
352,45,1588.65,618.28,66.97,203.47,1,-1,-1,-1
353,48,86.26,679.77,58.81,178.54,1,-1,-1,-1
353,44,1457.06,653.93,61.21,185.68,1,-1,-1,-1
353,45,1589.29,615.99,68.18,207.06,1,-1,-1,-1
354,48,80.56,680.68,56.83,172.54,1,-1,-1,-1
354,44,1457.33,661.50,63.07,191.32,1,-1,-1,-1
354,45,1589.85,626.45,62.88,190.91,1,-1,-1,-1
355,48,82.10,692.79,53.54,162.57,1,-1,-1,-1
355,44,1457.39,664.20,63.75,193.36,1,-1,-1,-1
355,45,1589.99,638.70,60.71,184.31,1,-1,-1,-1
356,48,75.06,685.26,57.56,174.74,1,-1,-1,-1
356,44,1452.78,659.76,67.03,203.27,1,-1,-1,-1
356,45,1588.00,639.13,62.82,190.67,1,-1,-1,-1
357,48,64.73,682.63,58.96,179.00,1,-1,-1,-1
357,44,1451.01,658.01,68.26,206.99,1,-1,-1,-1
357,45,1585.85,650.82,55.66,168.97,1,-1,-1,-1
358,48,55.26,679.39,62.31,189.14,1,-1,-1,-1
358,44,1450.28,657.22,68.72,208.37,1,-1,-1,-1
358,45,1585.29,656.41,55.39,168.16,1,-1,-1,-1
359,48,49.52,680.20,60.82,184.60,1,-1,-1,-1
359,44,1449.98,665.91,68.88,208.82,1,-1,-1,-1
359,45,1588.22,665.49,58.03,176.14,1,-1,-1,-1
359,51,1379.72,602.31,67.72,205.13,1,-1,-1,-1
360,48,41.31,678.32,63.02,191.25,1,-1,-1,-1
360,44,1449.85,669.17,68.91,208.91,1,-1,-1,-1
360,45,1587.31,665.98,61.83,187.64,1,-1,-1,-1
360,51,1379.08,614.90,65.65,198.87,1,-1,-1,-1
361,48,36.66,687.55,61.04,185.25,1,-1,-1,-1
361,44,1449.47,672.43,72.15,218.70,1,-1,-1,-1
361,45,1579.52,660.77,66.26,201.07,1,-1,-1,-1
361,51,1376.11,613.97,70.66,214.05,1,-1,-1,-1
362,48,27.14,691.15,60.23,182.77,1,-1,-1,-1
362,44,1458.58,680.51,70.17,212.68,1,-1,-1,-1
362,51,1377.58,620.98,66.58,201.68,1,-1,-1,-1
363,48,16.99,686.71,65.82,199.69,1,-1,-1,-1
363,44,1462.20,683.57,69.34,210.14,1,-1,-1,-1
363,51,1369.93,625.80,67.91,205.72,1,-1,-1,-1
364,48,12.68,689.09,64.92,196.95,1,-1,-1,-1
364,51,1366.87,634.03,65.41,198.14,1,-1,-1,-1
368,45,1575.24,683.88,68.45,207.65,1,-1,-1,-1
369,45,1570.56,677.50,71.95,218.21,1,-1,-1,-1
371,51,1359.55,643.09,73.11,221.44,1,-1,-1,-1
372,51,1349.62,642.19,77.15,233.67,1,-1,-1,-1
373,51,1355.30,643.10,75.22,227.80,1,-1,-1,-1
373,44,1457.71,721.00,78.60,238.11,1,-1,-1,-1
374,51,1348.19,642.14,77.88,235.82,1,-1,-1,-1
374,44,1457.32,722.29,79.02,239.34,1,-1,-1,-1
375,51,1352.46,638.21,82.53,249.88,1,-1,-1,-1
375,44,1458.23,722.85,82.89,250.98,1,-1,-1,-1
375,45,1554.11,689.67,78.37,237.55,1,-1,-1,-1
376,51,1347.31,640.18,80.69,244.28,1,-1,-1,-1
376,44,1458.56,723.00,84.34,255.33,1,-1,-1,-1
376,45,1552.88,690.17,78.87,239.01,1,-1,-1,-1
377,44,1458.68,722.93,84.88,256.94,1,-1,-1,-1
377,45,1541.99,690.32,79.06,239.51,1,-1,-1,-1
378,44,1457.67,733.02,81.36,246.26,1,-1,-1,-1
378,45,1537.91,690.29,79.12,239.65,1,-1,-1,-1
379,44,1454.63,724.07,87.78,265.62,1,-1,-1,-1
379,45,1536.44,690.19,79.14,239.66,1,-1,-1,-1
380,44,1453.54,720.85,90.10,272.61,1,-1,-1,-1
380,45,1535.97,690.08,79.13,239.61,1,-1,-1,-1
381,44,1455.65,731.83,83.38,252.27,1,-1,-1,-1
381,45,1535.88,689.96,79.12,239.56,1,-1,-1,-1
382,44,1446.14,737.06,84.42,255.39,1,-1,-1,-1
382,45,1535.93,689.85,79.11,239.50,1,-1,-1,-1
382,51,1307.05,636.66,84.42,255.55,1,-1,-1,-1
383,44,1442.74,738.89,84.78,256.48,1,-1,-1,-1
383,45,1525.49,689.76,79.10,239.44,1,-1,-1,-1
383,51,1304.02,636.16,84.66,256.23,1,-1,-1,-1
384,44,1441.48,739.48,84.91,256.84,1,-1,-1,-1
384,45,1532.15,689.67,79.09,239.39,1,-1,-1,-1
385,44,1436.53,738.15,88.96,269.06,1,-1,-1,-1
385,45,1528.32,688.23,82.84,250.70,1,-1,-1,-1
386,44,1438.81,748.48,82.83,250.54,1,-1,-1,-1
386,45,1526.92,687.68,84.23,254.91,1,-1,-1,-1
387,44,1435.58,741.15,88.26,266.92,1,-1,-1,-1
387,45,1522.41,688.77,81.05,245.27,1,-1,-1,-1
388,44,1427.76,751.08,86.23,260.78,1,-1,-1,-1
388,45,1513.52,687.79,83.56,252.84,1,-1,-1,-1
389,44,1421.46,750.96,93.76,283.49,1,-1,-1,-1
390,44,1417.17,754.10,92.33,279.18,1,-1,-1,-1
390,45,1480.95,713.88,80.15,242.49,1,-1,-1,-1
391,44,1415.59,755.23,91.69,277.21,1,-1,-1,-1
391,45,1473.82,719.94,79.23,239.72,1,-1,-1,-1
392,45,1460.74,721.97,78.93,238.79,1,-1,-1,-1
395,44,1383.03,769.08,96.83,292.70,1,-1,-1,-1
405,55,1254.46,560.46,39.56,120.72,1,-1,-1,-1
406,55,1242.52,560.76,39.25,119.76,1,-1,-1,-1
406,56,1060.76,651.04,97.49,294.47,1,-1,-1,-1
407,55,1226.25,560.92,39.09,119.27,1,-1,-1,-1
407,56,1043.69,657.52,93.84,283.43,1,-1,-1,-1
408,55,1214.61,560.98,39.02,119.07,1,-1,-1,-1
408,56,1023.14,660.90,91.93,277.67,1,-1,-1,-1
409,55,1199.83,561.00,39.00,119.00,1,-1,-1,-1
409,56,998.22,654.68,95.44,288.28,1,-1,-1,-1
410,56,970.21,659.79,92.55,279.56,1,-1,-1,-1
411,56,941.78,657.10,100.33,303.04,1,-1,-1,-1
412,56,916.93,665.81,98.70,298.12,1,-1,-1,-1
413,56,894.46,669.33,98.01,296.05,1,-1,-1,-1
414,56,871.43,677.38,93.45,282.27,1,-1,-1,-1
414,58,1135.40,561.00,39.00,119.00,1,-1,-1,-1
415,56,838.80,673.54,96.06,290.17,1,-1,-1,-1
415,58,1122.90,561.00,39.00,119.00,1,-1,-1,-1
416,56,814.31,672.12,97.01,293.03,1,-1,-1,-1
417,56,792.55,671.53,97.37,294.12,1,-1,-1,-1
418,56,771.88,671.28,97.51,294.52,1,-1,-1,-1
419,56,751.67,671.15,97.55,294.65,1,-1,-1,-1
420,56,718.67,684.05,97.56,294.69,1,-1,-1,-1
421,56,684.72,679.78,102.19,308.66,1,-1,-1,-1
422,56,655.88,687.11,99.37,300.13,1,-1,-1,-1
423,56,619.54,689.94,98.21,296.65,1,-1,-1,-1
424,56,580.62,690.93,97.77,295.32,1,-1,-1,-1
425,56,551.96,700.25,89.22,269.52,1,-1,-1,-1
426,56,507.76,687.08,104.60,315.93,1,-1,-1,-1
427,56,471.12,694.04,104.95,316.97,1,-1,-1,-1
428,56,423.73,685.43,115.17,347.80,1,-1,-1,-1
429,56,388.66,696.31,113.92,344.01,1,-1,-1,-1
430,56,345.61,711.38,108.41,327.36,1,-1,-1,-1
431,56,302.36,711.44,101.51,306.54,1,-1,-1,-1
432,56,259.32,717.18,103.62,312.89,1,-1,-1,-1
451,90,876.49,688.59,80.14,242.45,1,-1,-1,-1
452,90,847.35,687.67,82.68,250.12,1,-1,-1,-1
453,90,812.04,683.53,87.77,265.52,1,-1,-1,-1
454,90,771.69,687.75,93.92,284.11,1,-1,-1,-1
455,90,731.13,689.43,96.36,291.46,1,-1,-1,-1
464,101,1428.14,777.28,148.29,446.86,1,-1,-1,-1
465,101,1393.45,794.91,142.73,430.12,1,-1,-1,-1
521,132,1740.56,734.90,92.21,278.65,1,-1,-1,-1
522,132,1713.48,735.61,91.48,276.44,1,-1,-1,-1
523,132,1676.26,735.97,91.10,275.30,1,-1,-1,-1
526,142,1576.72,730.96,92.21,278.65,1,-1,-1,-1
527,142,1548.77,723.63,91.48,276.44,1,-1,-1,-1
528,142,1516.40,715.01,95.22,287.75,1,-1,-1,-1
529,142,1478.70,711.61,96.70,292.22,1,-1,-1,-1
530,142,1451.31,722.91,97.28,293.97,1,-1,-1,-1
531,142,1414.27,731.41,93.28,281.86,1,-1,-1,-1
532,142,1388.40,730.56,96.01,290.13,1,-1,-1,-1
533,142,1353.54,730.24,97.02,293.16,1,-1,-1,-1
534,142,1329.94,734.22,93.14,281.45,1,-1,-1,-1
535,142,1297.90,724.22,100.64,304.08,1,-1,-1,-1
536,142,1269.02,727.68,98.84,298.65,1,-1,-1,-1
537,142,1234.59,721.85,102.69,310.26,1,-1,-1,-1
538,142,1208.43,719.68,104.13,314.57,1,-1,-1,-1
539,142,1185.00,726.02,100.10,302.39,1,-1,-1,-1
540,142,1149.19,721.22,103.14,311.57,1,-1,-1,-1
541,142,1115.99,723.54,109.15,329.70,1,-1,-1,-1
542,142,1083.29,733.95,106.60,321.99,1,-1,-1,-1
543,142,1062.95,744.47,100.89,304.74,1,-1,-1,-1
544,142,1043.21,761.64,98.67,298.02,1,-1,-1,-1
545,142,1016.35,762.38,102.55,309.72,1,-1,-1,-1
545,173,566.55,754.75,89.67,271.00,1,-1,-1,-1
546,142,988.35,767.93,99.37,300.13,1,-1,-1,-1
547,142,962.10,791.12,85.84,259.31,1,-1,-1,-1
548,142,930.11,777.38,93.58,282.67,1,-1,-1,-1
549,142,906.36,773.12,96.01,290.03,1,-1,-1,-1
550,142,881.08,792.19,84.90,256.51,1,-1,-1,-1
550,180,358.19,750.37,110.63,333.86,1,-1,-1,-1
551,142,848.72,757.08,98.15,296.50,1,-1,-1,-1
552,142,823.79,759.29,102.39,309.31,1,-1,-1,-1
553,142,792.13,765.51,99.57,300.79,1,-1,-1,-1
554,142,762.63,762.62,103.03,311.22,1,-1,-1,-1
555,142,744.74,766.86,99.74,301.28,1,-1,-1,-1
556,142,718.84,763.11,103.06,311.29,1,-1,-1,-1
557,142,696.06,761.72,104.28,314.94,1,-1,-1,-1
557,189,669.71,571.69,44.34,134.99,1,-1,-1,-1
558,142,670.66,766.53,100.13,302.43,1,-1,-1,-1
559,142,649.06,768.42,98.47,297.42,1,-1,-1,-1
559,190,633.24,570.75,44.95,136.84,1,-1,-1,-1
560,142,615.77,782.21,97.85,295.54,1,-1,-1,-1
560,190,615.71,571.59,46.76,142.36,1,-1,-1,-1
561,142,589.48,759.95,107.28,324.00,1,-1,-1,-1
561,190,598.90,571.08,45.67,139.04,1,-1,-1,-1
562,142,560.50,755.09,115.88,349.92,1,-1,-1,-1
562,190,581.09,571.84,47.31,144.03,1,-1,-1,-1
563,142,534.42,753.19,119.26,360.10,1,-1,-1,-1
563,190,561.72,577.03,45.85,139.58,1,-1,-1,-1
564,142,509.52,752.48,120.55,363.97,1,-1,-1,-1
564,190,546.84,581.77,43.28,131.77,1,-1,-1,-1
565,142,478.73,763.55,115.78,349.55,1,-1,-1,-1
565,190,529.29,582.25,46.50,141.55,1,-1,-1,-1
566,142,453.07,767.98,113.80,343.56,1,-1,-1,-1
566,190,510.42,582.43,47.64,145.01,1,-1,-1,-1
567,142,433.81,774.07,118.35,357.25,1,-1,-1,-1
567,190,493.35,581.07,45.98,139.97,1,-1,-1,-1
568,142,411.45,776.32,120.02,362.28,1,-1,-1,-1
568,190,474.88,586.58,45.31,137.94,1,-1,-1,-1
569,142,385.80,787.50,115.37,348.24,1,-1,-1,-1
569,190,457.98,583.96,47.22,143.74,1,-1,-1,-1
570,142,362.14,791.82,113.48,342.51,1,-1,-1,-1
570,190,438.78,582.64,50.19,152.75,1,-1,-1,-1
571,142,323.23,798.89,118.11,356.46,1,-1,-1,-1
571,190,424.90,582.12,51.32,156.19,1,-1,-1,-1
572,190,406.23,581.89,51.76,157.49,1,-1,-1,-1
573,190,385.69,581.79,51.91,157.94,1,-1,-1,-1
574,190,371.34,588.62,51.96,158.06,1,-1,-1,-1
575,190,356.56,591.10,49.68,151.12,1,-1,-1,-1
576,190,340.36,592.14,51.10,155.44,1,-1,-1,-1
577,190,320.99,590.66,54.06,164.42,1,-1,-1,-1
578,190,307.07,591.89,52.78,160.50,1,-1,-1,-1
579,190,287.00,590.47,54.70,166.31,1,-1,-1,-1
580,190,272.49,589.93,55.41,168.45,1,-1,-1,-1
581,190,252.70,589.69,55.67,169.22,1,-1,-1,-1
582,190,238.24,589.59,55.75,169.45,1,-1,-1,-1
583,190,225.87,596.94,55.77,169.48,1,-1,-1,-1
584,190,208.52,596.14,58.39,177.42,1,-1,-1,-1
585,190,194.48,595.82,59.37,180.37,1,-1,-1,-1
586,190,181.73,595.66,59.73,181.45,1,-1,-1,-1
587,190,169.42,606.49,57.24,173.85,1,-1,-1,-1
588,190,150.38,610.67,56.23,170.79,1,-1,-1,-1
589,190,134.74,609.08,58.51,177.70,1,-1,-1,-1
590,190,121.38,608.46,59.35,180.24,1,-1,-1,-1
590,192,1769.08,572.45,63.12,191.33,1,-1,-1,-1
591,190,105.53,602.62,62.48,189.68,1,-1,-1,-1
591,192,1763.54,571.59,61.19,185.49,1,-1,-1,-1
592,190,91.50,608.73,63.66,193.24,1,-1,-1,-1
592,192,1764.91,575.65,57.63,174.72,1,-1,-1,-1
593,190,78.17,611.12,64.10,194.54,1,-1,-1,-1
593,192,1769.12,572.60,58.87,178.45,1,-1,-1,-1
594,190,59.10,604.28,67.24,204.05,1,-1,-1,-1
594,192,1774.46,576.09,56.71,171.92,1,-1,-1,-1
595,190,43.24,610.59,68.43,207.62,1,-1,-1,-1
595,192,1772.63,580.79,58.54,177.49,1,-1,-1,-1
595,193,328.37,529.97,37.52,114.49,1,-1,-1,-1
596,190,28.59,613.06,68.87,208.90,1,-1,-1,-1
596,192,1771.96,582.49,59.21,179.53,1,-1,-1,-1
596,193,324.23,529.42,38.35,117.03,1,-1,-1,-1
597,190,22.24,621.09,66.00,200.21,1,-1,-1,-1
597,192,1775.52,587.22,56.85,172.38,1,-1,-1,-1
597,193,317.13,529.15,38.77,118.31,1,-1,-1,-1
598,190,12.59,626.14,67.90,205.93,1,-1,-1,-1
598,192,1776.89,581.46,55.94,169.63,1,-1,-1,-1
598,193,314.25,529.04,38.94,118.83,1,-1,-1,-1
599,190,0.25,628.10,71.81,217.75,1,-1,-1,-1
599,192,1780.20,575.87,61.16,185.45,1,-1,-1,-1
599,193,308.00,529.00,39.00,119.02,1,-1,-1,-1
600,190,-4.19,635.08,67.16,203.64,1,-1,-1,-1
600,192,1782.65,572.62,60.28,182.80,1,-1,-1,-1
600,193,305.62,528.98,39.03,119.09,1,-1,-1,-1
601,192,1783.59,571.32,59.91,181.68,1,-1,-1,-1
601,193,299.55,528.98,39.03,119.10,1,-1,-1,-1
602,192,1782.60,572.12,62.60,189.84,1,-1,-1,-1
602,193,297.28,534.20,39.03,119.10,1,-1,-1,-1
603,192,1783.77,562.92,66.59,201.91,1,-1,-1,-1
603,193,293.56,533.31,40.88,124.73,1,-1,-1,-1
604,192,1790.96,568.77,65.17,197.60,1,-1,-1,-1
604,193,289.92,535.80,39.75,121.29,1,-1,-1,-1
605,193,288.58,536.77,39.29,119.89,1,-1,-1,-1
606,193,282.88,537.11,39.12,119.35,1,-1,-1,-1
607,193,280.81,537.22,39.05,119.14,1,-1,-1,-1
608,193,280.12,537.25,39.02,119.06,1,-1,-1,-1
609,193,279.95,537.24,39.01,119.03,1,-1,-1,-1
610,193,274.68,531.93,39.01,119.02,1,-1,-1,-1
611,193,272.77,529.92,39.01,119.01,1,-1,-1,-1
612,193,272.14,529.17,39.00,119.01,1,-1,-1,-1
613,193,266.70,528.90,39.00,119.01,1,-1,-1,-1
614,193,264.74,528.82,39.00,119.01,1,-1,-1,-1
615,193,264.09,528.80,39.00,119.01,1,-1,-1,-1
615,192,1845.36,597.97,64.01,194.09,1,-1,-1,-1
616,193,258.65,528.81,39.00,119.01,1,-1,-1,-1
616,192,1852.31,599.96,67.18,203.66,1,-1,-1,-1
617,193,256.68,528.83,39.00,119.00,1,-1,-1,-1
618,193,250.75,528.85,39.00,119.00,1,-1,-1,-1
619,193,248.61,528.87,39.00,119.00,1,-1,-1,-1
620,193,247.92,528.88,39.00,119.00,1,-1,-1,-1
621,193,242.54,525.61,40.87,124.69,1,-1,-1,-1
622,193,240.53,527.62,39.73,121.22,1,-1,-1,-1
623,193,239.90,533.76,39.27,119.82,1,-1,-1,-1
624,193,239.77,530.74,39.10,119.28,1,-1,-1,-1
625,193,239.81,534.90,39.03,119.08,1,-1,-1,-1
626,193,234.30,533.55,40.88,124.71,1,-1,-1,-1
627,193,237.80,541.09,39.73,121.21,1,-1,-1,-1
628,193,234.01,544.04,39.27,119.79,1,-1,-1,-1
629,193,232.66,550.42,39.09,119.26,1,-1,-1,-1
630,193,231.91,550.59,40.90,124.77,1,-1,-1,-1
631,193,237.18,552.73,39.73,121.21,1,-1,-1,-1
632,193,239.37,553.48,39.26,119.78,1,-1,-1,-1
633,193,240.22,553.70,39.09,119.24,1,-1,-1,-1
634,193,240.56,553.72,39.02,119.04,1,-1,-1,-1
635,193,240.70,553.68,39.00,118.97,1,-1,-1,-1
636,193,240.78,558.91,38.99,118.95,1,-1,-1,-1
637,193,240.14,555.13,42.87,130.76,1,-1,-1,-1
638,193,245.65,559.23,40.56,123.71,1,-1,-1,-1
639,193,247.96,560.84,39.57,120.70,1,-1,-1,-1
640,193,249.25,559.61,41.09,125.32,1,-1,-1,-1
641,193,249.71,564.73,41.64,127.00,1,-1,-1,-1
642,193,254.66,568.04,40.00,122.00,1,-1,-1,-1
647,193,274.03,567.74,41.69,127.13,1,-1,-1,-1
648,193,275.69,567.46,41.84,127.60,1,-1,-1,-1
649,193,277.21,557.91,46.05,140.37,1,-1,-1,-1
650,193,282.28,563.51,43.60,132.92,1,-1,-1,-1
651,193,289.90,565.85,42.54,129.69,1,-1,-1,-1
652,193,294.34,557.08,44.16,134.58,1,-1,-1,-1
683,195,618.54,613.02,44.95,136.84,1,-1,-1,-1
693,197,773.61,570.16,52.53,159.61,1,-1,-1,-1
714,200,577.00,522.60,39.00,119.00,1,-1,-1,-1
715,200,577.00,526.17,39.00,119.00,1,-1,-1,-1
716,200,577.00,533.04,39.00,119.00,1,-1,-1,-1
717,200,577.00,535.79,39.00,119.00,1,-1,-1,-1
718,200,582.17,536.84,39.00,119.00,1,-1,-1,-1
718,201,1440.12,528.48,21.97,67.92,1,-1,-1,-1
719,200,584.15,537.21,39.00,119.00,1,-1,-1,-1
720,200,584.89,542.54,39.00,119.00,1,-1,-1,-1
721,200,584.54,542.04,40.85,124.63,1,-1,-1,-1
722,200,585.00,544.30,39.72,121.19,1,-1,-1,-1
723,200,590.43,545.14,39.27,119.80,1,-1,-1,-1
724,200,592.45,550.69,39.09,119.28,1,-1,-1,-1
724,203,1304.30,457.15,41.87,127.61,1,-1,-1,-1
725,200,593.17,552.74,39.03,119.08,1,-1,-1,-1
725,203,1309.14,461.53,40.29,122.81,1,-1,-1,-1
726,200,593.41,553.45,39.00,119.01,1,-1,-1,-1
727,200,593.46,558.94,39.00,118.98,1,-1,-1,-1
727,203,1320.71,460.81,43.75,133.34,1,-1,-1,-1
728,200,598.72,560.96,38.99,118.97,1,-1,-1,-1
728,203,1327.43,462.81,46.67,142.21,1,-1,-1,-1
729,200,600.68,561.64,38.99,118.97,1,-1,-1,-1
730,200,601.36,567.11,38.99,118.98,1,-1,-1,-1
731,200,601.57,563.82,38.99,118.98,1,-1,-1,-1
731,204,817.80,528.20,19.00,59.00,1,-1,-1,-1
732,200,601.74,560.73,40.86,124.67,1,-1,-1,-1
732,204,819.59,526.41,19.00,59.00,1,-1,-1,-1
733,200,601.78,559.55,41.56,126.78,1,-1,-1,-1
733,204,823.02,525.49,19.00,59.00,1,-1,-1,-1
733,205,1585.89,714.87,75.84,229.59,1,-1,-1,-1
734,200,606.82,560.79,39.98,121.97,1,-1,-1,-1
734,204,826.96,525.13,19.00,59.00,1,-1,-1,-1
735,200,608.73,561.23,39.35,120.06,1,-1,-1,-1
735,204,828.48,524.99,19.00,59.00,1,-1,-1,-1
736,200,608.43,555.63,43.01,131.20,1,-1,-1,-1
736,204,831.63,522.34,19.00,59.00,1,-1,-1,-1
737,200,609.24,559.11,40.60,123.84,1,-1,-1,-1
738,200,610.01,558.74,41.46,126.46,1,-1,-1,-1
739,200,610.26,558.60,41.78,127.41,1,-1,-1,-1
740,200,608.85,560.65,43.88,133.80,1,-1,-1,-1
741,200,608.29,561.42,44.67,136.20,1,-1,-1,-1
742,200,608.03,561.70,44.97,137.08,1,-1,-1,-1
743,200,610.62,562.33,47.19,143.83,1,-1,-1,-1
744,200,608.91,562.02,45.94,140.00,1,-1,-1,-1
744,204,845.22,527.86,20.32,63.09,1,-1,-1,-1
745,200,608.19,567.91,45.41,138.36,1,-1,-1,-1
745,204,845.90,528.25,20.41,63.33,1,-1,-1,-1
746,200,604.15,564.62,47.34,144.22,1,-1,-1,-1
746,204,846.13,528.38,20.44,63.42,1,-1,-1,-1
747,200,606.31,568.77,45.95,139.98,1,-1,-1,-1
747,204,846.18,528.42,20.45,63.44,1,-1,-1,-1
748,200,607.17,570.39,45.37,138.22,1,-1,-1,-1
748,204,846.15,528.43,20.45,63.44,1,-1,-1,-1
749,200,603.72,565.44,47.30,144.07,1,-1,-1,-1
749,204,848.91,528.42,20.45,63.43,1,-1,-1,-1
750,200,602.44,569.98,48.02,146.23,1,-1,-1,-1
750,204,849.92,528.41,20.45,63.42,1,-1,-1,-1
