1,1,125.45,159.39,55.57,168.71,1,-1,-1,-1
1,2,14.93,140.29,68.64,207.93,1,-1,-1,-1
2,1,123.65,158.96,57.85,175.62,1,-1,-1,-1
2,2,14.93,140.29,68.64,207.93,1,-1,-1,-1
3,1,128.19,149.64,61.64,187.12,1,-1,-1,-1
3,2,14.93,140.29,68.64,207.93,1,-1,-1,-1
4,1,130.02,145.88,63.17,191.75,1,-1,-1,-1
4,2,15.59,137.12,71.83,217.56,1,-1,-1,-1
5,1,140.60,153.69,61.04,185.30,1,-1,-1,-1
5,2,24.04,139.06,69.88,211.68,1,-1,-1,-1
6,1,144.80,156.84,60.18,182.67,1,-1,-1,-1
6,2,28.74,136.62,72.33,219.09,1,-1,-1,-1
7,1,154.26,158.03,59.85,181.66,1,-1,-1,-1
7,2,30.47,135.72,73.24,221.84,1,-1,-1,-1
8,1,154.94,146.49,65.55,198.94,1,-1,-1,-1
8,2,32.51,131.26,77.02,233.28,1,-1,-1,-1
9,1,165.61,153.83,62.02,188.22,1,-1,-1,-1
9,2,43.49,129.57,78.46,237.61,1,-1,-1,-1
10,1,169.38,155.83,63.36,192.26,1,-1,-1,-1
10,2,47.77,128.93,79.01,239.25,1,-1,-1,-1
11,1,179.16,156.56,63.85,193.73,1,-1,-1,-1
11,2,49.37,128.71,79.20,239.81,1,-1,-1,-1
12,1,181.02,142.77,70.26,213.16,1,-1,-1,-1
12,2,60.31,128.65,79.25,239.95,1,-1,-1,-1
13,1,191.69,149.52,69.54,210.93,1,-1,-1,-1
13,2,64.42,128.65,79.25,239.94,1,-1,-1,-1
14,1,204.27,154.15,66.19,200.76,1,-1,-1,-1
14,2,76.35,128.68,79.23,239.87,1,-1,-1,-1
15,1,209.05,137.43,74.72,226.58,1,-1,-1,-1
15,2,80.78,128.71,79.21,239.79,1,-1,-1,-1
16,1,220.11,147.32,71.33,216.27,1,-1,-1,-1
16,2,86.10,123.51,82.93,251.01,1,-1,-1,-1
17,1,224.40,151.62,69.80,211.63,1,-1,-1,-1
17,2,88.01,121.58,84.32,255.19,1,-1,-1,-1
18,1,226.55,150.68,72.47,219.69,1,-1,-1,-1
18,2,92.59,114.53,88.80,268.72,1,-1,-1,-1
19,1,227.31,136.55,76.89,233.03,1,-1,-1,-1
19,2,94.25,111.86,90.50,273.83,1,-1,-1,-1
20,1,226.82,126.05,82.21,249.11,1,-1,-1,-1
20,2,82.89,110.87,91.13,275.70,1,-1,-1,-1
21,1,226.51,121.96,84.28,255.35,1,-1,-1,-1
21,2,81.75,102.90,95.58,289.12,1,-1,-1,-1
22,1,224.70,114.17,88.96,269.46,1,-1,-1,-1
22,2,81.27,99.90,97.26,294.16,1,-1,-1,-1
23,1,223.91,111.21,90.76,274.85,1,-1,-1,-1
23,2,80.99,98.81,97.87,295.97,1,-1,-1,-1
24,1,235.22,110.14,91.42,276.78,1,-1,-1,-1
24,2,77.38,106.11,93.81,283.69,1,-1,-1,-1
25,1,237.93,102.25,95.83,290.06,1,-1,-1,-1
25,2,72.20,96.00,106.12,320.83,1,-1,-1,-1
26,1,238.90,99.27,97.50,295.06,1,-1,-1,-1
26,2,70.36,92.36,110.54,334.15,1,-1,-1,-1
27,1,236.49,102.76,102.59,310.41,1,-1,-1,-1
27,2,66.67,100.52,107.50,324.92,1,-1,-1,-1
28,1,235.49,104.18,104.54,316.22,1,-1,-1,-1
28,2,68.13,94.15,111.06,335.61,1,-1,-1,-1
29,1,241.59,83.85,115.21,348.43,1,-1,-1,-1
29,2,56.25,80.37,117.55,355.18,1,-1,-1,-1
30,1,247.86,87.14,114.28,345.54,1,-1,-1,-1
30,2,53.87,61.90,125.53,379.20,1,-1,-1,-1
31,1,250.31,88.75,113.73,343.81,1,-1,-1,-1
31,2,52.94,54.67,128.63,388.51,1,-1,-1,-1
32,1,247.04,78.02,118.65,358.59,1,-1,-1,-1
32,2,52.61,68.49,129.78,391.92,1,-1,-1,-1
33,1,261.20,73.99,120.49,364.09,1,-1,-1,-1
33,2,65.85,70.78,124.58,376.16,1,-1,-1,-1
34,1,269.76,83.94,115.95,350.32,1,-1,-1,-1
34,2,74.58,75.27,128.06,386.64,1,-1,-1,-1
35,1,282.45,79.84,125.00,377.61,1,-1,-1,-1
35,2,77.81,76.98,129.33,390.43,1,-1,-1,-1
36,1,290.31,90.42,122.84,371.03,1,-1,-1,-1
36,2,79.03,77.72,129.75,391.65,1,-1,-1,-1
37,1,289.92,82.49,127.46,384.90,1,-1,-1,-1
37,2,83.11,63.58,135.88,410.10,1,-1,-1,-1
38,1,289.66,79.52,129.17,390.01,1,-1,-1,-1
38,2,84.63,58.24,138.18,416.98,1,-1,-1,-1
39,1,302.65,64.05,135.75,409.82,1,-1,-1,-1
39,2,69.77,39.54,145.42,438.77,1,-1,-1,-1
40,1,307.54,58.15,138.24,417.27,1,-1,-1,-1
40,2,79.22,48.90,141.82,427.87,1,-1,-1,-1
41,1,309.28,55.94,139.13,419.90,1,-1,-1,-1
41,2,70.27,37.43,153.69,463.61,1,-1,-1,-1
42,1,309.77,55.22,139.39,420.62,1,-1,-1,-1
42,2,64.22,31.83,151.35,456.50,1,-1,-1,-1
43,1,309.78,55.06,139.40,420.62,1,-1,-1,-1
43,2,61.74,29.77,150.21,453.03,1,-1,-1,-1
44,1,304.52,57.73,145.82,439.91,1,-1,-1,-1
44,2,60.82,29.13,149.69,451.40,1,-1,-1,-1
45,1,307.47,56.23,141.83,427.84,1,-1,-1,-1
45,2,60.49,29.02,149.41,450.54,1,-1,-1,-1
46,1,296.41,40.18,153.64,463.40,1,-1,-1,-1
47,1,292.32,34.29,157.99,476.47,1,-1,-1,-1
52,1,319.35,33.01,159.07,479.64,1,-1,-1,-1
53,2,127.61,26.76,130.02,392.05,1,-1,-1,-1
54,2,131.46,26.88,128.82,388.43,1,-1,-1,-1
55,2,132.74,26.91,128.42,387.22,1,-1,-1,-1
56,2,133.03,26.93,128.33,386.94,1,-1,-1,-1
57,2,132.95,26.94,128.35,387.02,1,-1,-1,-1
58,2,132.76,26.94,128.41,387.19,1,-1,-1,-1
59,2,132.56,26.95,128.47,387.38,1,-1,-1,-1
60,2,132.36,26.96,128.53,387.57,1,-1,-1,-1
61,2,132.19,26.96,128.59,387.73,1,-1,-1,-1
62,2,132.04,26.96,128.63,387.87,1,-1,-1,-1
63,2,131.91,26.97,128.67,387.99,1,-1,-1,-1
64,2,131.79,26.97,128.71,388.10,1,-1,-1,-1
65,2,131.69,26.97,128.74,388.19,1,-1,-1,-1
66,2,131.60,26.98,128.77,388.28,1,-1,-1,-1
67,2,131.53,26.98,128.79,388.35,1,-1,-1,-1
68,2,131.46,26.98,128.81,388.41,1,-1,-1,-1
69,2,131.40,26.98,128.83,388.47,1,-1,-1,-1
70,2,131.35,26.98,128.85,388.52,1,-1,-1,-1
71,2,124.36,9.79,141.59,426.91,1,-1,-1,-1
72,2,121.80,3.50,146.26,440.97,1,-1,-1,-1
73,2,120.78,1.05,148.09,446.46,1,-1,-1,-1
74,2,133.25,0.19,142.30,428.98,1,-1,-1,-1
75,2,125.02,-0.03,146.54,441.74,1,-1,-1,-1
76,2,134.88,-0.07,141.61,426.88,1,-1,-1,-1
77,2,125.59,0.03,146.22,440.76,1,-1,-1,-1
78,2,122.16,0.10,147.91,445.82,1,-1,-1,-1
79,2,120.84,0.19,148.52,447.66,1,-1,-1,-1
80,2,120.36,0.28,148.71,448.23,1,-1,-1,-1
81,2,120.20,0.36,148.75,448.33,1,-1,-1,-1
82,2,120.16,0.43,148.73,448.26,1,-1,-1,-1
83,2,120.16,0.50,148.69,448.14,1,-1,-1,-1
84,2,133.25,18.89,142.10,428.26,1,-1,-1,-1
85,2,132.02,24.74,133.29,401.75,1,-1,-1,-1
86,2,131.51,26.84,130.04,391.95,1,-1,-1,-1
87,2,131.31,27.53,128.91,388.56,1,-1,-1,-1
88,2,131.22,27.72,128.55,387.48,1,-1,-1,-1
89,2,131.17,27.72,128.46,387.23,1,-1,-1,-1
90,2,131.13,27.67,128.47,387.28,1,-1,-1,-1
91,2,131.11,27.60,128.51,387.42,1,-1,-1,-1
92,2,131.09,27.53,128.56,387.58,1,-1,-1,-1
96,2,144.74,25.54,121.17,365.31,1,-1,-1,-1
97,2,146.33,25.21,120.38,362.94,1,-1,-1,-1
98,2,146.85,25.10,120.11,362.16,1,-1,-1,-1
99,2,142.88,27.48,132.01,398.02,1,-1,-1,-1
100,2,141.43,10.51,136.33,411.03,1,-1,-1,-1
101,2,140.82,3.70,138.02,416.12,1,-1,-1,-1
102,2,140.57,1.12,138.63,417.96,1,-1,-1,-1
103,2,140.46,0.22,138.82,418.52,1,-1,-1,-1
104,2,140.41,-0.04,138.85,418.60,1,-1,-1,-1
105,2,140.39,18.20,138.82,418.51,1,-1,-1,-1
106,2,140.37,25.21,138.78,418.36,1,-1,-1,-1
107,2,140.36,27.87,138.73,418.20,1,-1,-1,-1
108,2,140.35,28.85,138.68,418.05,1,-1,-1,-1
109,2,140.34,29.19,138.64,417.92,1,-1,-1,-1
110,2,140.34,29.28,138.60,417.79,1,-1,-1,-1
111,2,140.33,29.28,138.56,417.69,1,-1,-1,-1
112,2,140.33,29.25,138.53,417.59,1,-1,-1,-1
113,2,140.32,29.21,138.50,417.50,1,-1,-1,-1
114,2,140.32,29.17,138.48,417.43,1,-1,-1,-1
115,2,140.31,29.14,138.46,417.36,1,-1,-1,-1
116,2,140.31,29.10,138.44,417.30,1,-1,-1,-1
117,2,140.31,29.07,138.42,417.25,1,-1,-1,-1
118,2,140.30,29.05,138.41,417.20,1,-1,-1,-1
119,2,151.29,27.79,132.26,398.68,1,-1,-1,-1
120,2,144.29,28.55,136.15,410.40,1,-1,-1,-1
121,2,148.35,10.51,144.10,434.36,1,-1,-1,-1
122,2,149.86,3.71,147.10,443.39,1,-1,-1,-1
123,2,154.73,18.01,135.73,409.13,1,-1,-1,-1
124,2,145.36,25.12,137.41,414.21,1,-1,-1,-1
136,2,140.42,28.84,138.28,416.80,1,-1,-1,-1
137,2,140.23,28.95,138.31,416.89,1,-1,-1,-1
138,2,140.17,28.98,138.32,416.92,1,-1,-1,-1
139,2,140.15,28.99,138.32,416.93,1,-1,-1,-1
140,2,140.16,28.98,138.32,416.93,1,-1,-1,-1
141,2,151.19,27.73,132.17,398.39,1,-1,-1,-1
142,2,155.41,27.24,129.81,391.32,1,-1,-1,-1
143,2,145.73,28.32,135.22,407.62,1,-1,-1,-1
144,2,153.11,27.49,131.10,395.22,1,-1,-1,-1
145,2,155.98,27.15,129.50,390.41,1,-1,-1,-1
146,2,145.88,28.28,135.14,407.40,1,-1,-1,-1
147,2,153.05,27.47,131.14,395.35,1,-1,-1,-1
148,2,144.75,28.40,135.78,409.32,1,-1,-1,-1
149,2,152.60,27.51,131.40,396.13,1,-1,-1,-1
150,2,144.56,28.41,135.88,409.65,1,-1,-1,-1
151,2,141.62,28.74,137.52,414.59,1,-1,-1,-1
152,2,151.42,27.63,132.06,398.11,1,-1,-1,-1
153,2,155.25,27.20,129.92,391.68,1,-1,-1,-1
154,2,156.64,27.04,129.14,389.35,1,-1,-1,-1
155,2,157.13,26.99,128.87,388.53,1,-1,-1,-1
156,2,146.22,28.21,134.96,406.88,1,-1,-1,-1
157,2,142.18,28.66,137.22,413.68,1,-1,-1,-1
158,2,140.63,28.83,138.08,416.28,1,-1,-1,-1
159,2,140.08,28.89,138.39,417.22,1,-1,-1,-1
160,2,139.90,28.91,138.49,417.51,1,-1,-1,-1
161,2,150.81,27.69,132.41,399.17,1,-1,-1,-1
162,2,143.89,28.46,136.27,410.81,1,-1,-1,-1
163,2,147.96,10.48,144.20,434.69,1,-1,-1,-1
164,2,149.50,3.68,147.19,443.69,1,-1,-1,-1
165,2,143.60,1.09,141.86,427.63,1,-1,-1,-1
166,2,133.81,0.21,153.39,462.34,1,-1,-1,-1
167,2,124.78,-0.11,150.74,454.35,1,-1,-1,-1
168,2,121.21,-0.10,149.57,450.81,1,-1,-1,-1
169,2,119.93,-0.02,149.08,449.32,1,-1,-1,-1
170,2,125.17,0.08,155.88,469.77,1,-1,-1,-1
171,2,121.62,0.14,151.51,456.60,1,-1,-1,-1
172,2,120.29,0.26,149.69,451.11,1,-1,-1,-1
173,2,119.85,0.35,148.97,448.95,1,-1,-1,-1
174,2,119.74,0.42,148.68,448.08,1,-1,-1,-1
175,2,125.43,0.49,155.61,468.92,1,-1,-1,-1
176,2,141.36,0.53,151.26,455.81,1,-1,-1,-1
178,2,125.62,0.76,149.06,449.19,1,-1,-1,-1
179,2,121.95,0.99,148.45,447.33,1,-1,-1,-1
180,2,140.54,1.06,148.24,446.70,1,-1,-1,-1
181,2,127.67,1.08,148.17,446.49,1,-1,-1,-1
182,2,122.80,1.08,148.16,446.45,1,-1,-1,-1
183,2,120.98,1.08,148.16,446.47,1,-1,-1,-1
184,2,140.08,1.07,148.17,446.50,1,-1,-1,-1
185,2,127.54,1.06,148.19,446.54,1,-1,-1,-1
186,2,122.77,1.06,148.20,446.57,1,-1,-1,-1
187,2,120.99,1.05,148.21,446.61,1,-1,-1,-1
188,2,120.34,1.04,148.22,446.64,1,-1,-1,-1
189,2,120.13,1.04,148.23,446.66,1,-1,-1,-1
190,2,120.08,1.03,148.24,446.69,1,-1,-1,-1
191,2,120.09,1.03,148.25,446.71,1,-1,-1,-1
192,2,120.11,1.03,148.25,446.73,1,-1,-1,-1
193,2,120.15,1.02,148.26,446.74,1,-1,-1,-1
194,2,120.18,1.02,148.26,446.76,1,-1,-1,-1
195,2,120.21,1.02,148.27,446.77,1,-1,-1,-1
196,2,120.23,1.02,148.27,446.78,1,-1,-1,-1
197,2,120.25,1.01,148.27,446.79,1,-1,-1,-1
198,2,120.27,1.01,148.28,446.80,1,-1,-1,-1
199,2,120.29,1.01,148.28,446.80,1,-1,-1,-1
200,2,120.31,1.01,148.28,446.81,1,-1,-1,-1
201,2,120.32,1.01,148.28,446.82,1,-1,-1,-1
202,2,120.33,1.01,148.28,446.82,1,-1,-1,-1
203,2,131.09,15.96,124.48,375.16,1,-1,-1,-1
204,2,118.14,25.60,133.54,402.46,1,-1,-1,-1
205,2,126.32,27.43,130.18,392.35,1,-1,-1,-1
206,2,117.07,29.24,135.20,407.49,1,-1,-1,-1
207,2,113.72,29.84,137.04,413.05,1,-1,-1,-1
208,2,112.48,29.96,137.77,415.25,1,-1,-1,-1
209,2,124.27,28.69,131.92,397.64,1,-1,-1,-1
210,2,139.30,26.92,123.86,373.37,1,-1,-1,-1
211,2,144.83,26.18,120.93,364.55,1,-1,-1,-1
212,2,146.73,42.32,119.94,361.59,1,-1,-1,-1
213,2,156.00,45.93,114.19,344.29,1,-1,-1,-1
214,2,159.31,47.11,112.14,338.16,1,-1,-1,-1
215,2,168.12,49.63,116.98,352.77,1,-1,-1,-1
216,2,171.20,50.47,118.75,358.09,1,-1,-1,-1
217,2,164.66,48.53,114.11,344.15,1,-1,-1,-1
218,2,169.63,49.83,117.85,355.42,1,-1,-1,-1
219,2,178.78,63.04,113.87,343.46,1,-1,-1,-1
220,2,182.13,68.02,112.38,338.98,1,-1,-1,-1
221,2,183.23,69.72,111.87,337.46,1,-1,-1,-1
222,2,194.14,77.51,101.98,307.68,1,-1,-1,-1
223,2,198.06,80.25,98.29,296.58,1,-1,-1,-1
224,2,202.83,90.06,92.58,279.38,1,-1,-1,-1
225,2,204.33,93.39,90.64,273.58,1,-1,-1,-1
226,2,218.95,101.94,85.85,259.17,1,-1,-1,-1
227,2,224.01,104.79,84.26,254.42,1,-1,-1,-1
228,2,225.58,105.61,83.81,253.08,1,-1,-1,-1
228,9,332.44,51.97,142.41,429.29,1,-1,-1,-1
229,2,244.86,111.55,72.82,219.98,1,-1,-1,-1
229,9,334.02,54.60,140.13,422.39,1,-1,-1,-1
230,2,243.95,102.30,76.33,230.62,1,-1,-1,-1
230,9,334.85,55.98,138.93,418.78,1,-1,-1,-1
231,2,253.06,105.20,73.78,222.95,1,-1,-1,-1
231,9,335.18,56.52,138.46,417.36,1,-1,-1,-1
232,2,256.11,106.15,72.97,220.56,1,-1,-1,-1
232,9,335.30,56.73,138.28,416.83,1,-1,-1,-1
232,10,455.43,163.91,41.87,127.61,1,-1,-1,-1
233,2,258.50,111.52,76.41,230.97,1,-1,-1,-1
233,9,335.34,56.80,138.22,416.65,1,-1,-1,-1
233,10,460.22,163.91,41.87,127.61,1,-1,-1,-1
234,2,260.07,107.33,81.45,246.23,1,-1,-1,-1
234,9,354.66,71.35,132.14,398.33,1,-1,-1,-1
235,2,267.99,106.75,76.18,230.33,1,-1,-1,-1
235,9,362.08,76.93,129.81,391.31,1,-1,-1,-1
236,2,280.92,106.38,74.12,224.14,1,-1,-1,-1
236,9,363.60,64.13,135.15,407.41,1,-1,-1,-1
237,2,291.35,110.89,70.06,211.91,1,-1,-1,-1
237,9,382.17,73.93,131.07,395.11,1,-1,-1,-1
238,2,299.03,107.72,72.04,217.92,1,-1,-1,-1
238,9,389.30,77.74,129.48,390.34,1,-1,-1,-1
239,2,306.84,111.21,69.44,210.09,1,-1,-1,-1
239,9,406.68,91.76,123.15,371.27,1,-1,-1,-1
240,2,309.41,112.47,68.52,207.32,1,-1,-1,-1
240,9,415.43,84.07,126.66,381.88,1,-1,-1,-1
241,2,313.78,116.61,65.10,197.02,1,-1,-1,-1
241,9,418.46,81.29,127.93,385.71,1,-1,-1,-1
242,2,315.06,118.07,63.90,193.43,1,-1,-1,-1
242,9,432.99,92.74,122.72,370.01,1,-1,-1,-1
243,2,315.31,118.53,63.52,192.32,1,-1,-1,-1
243,9,441.85,84.24,126.59,381.67,1,-1,-1,-1
244,2,316.31,110.21,69.92,211.68,1,-1,-1,-1
244,9,429.12,84.84,134.10,404.32,1,-1,-1,-1
245,2,324.00,115.30,65.99,199.83,1,-1,-1,-1
246,2,326.78,117.36,64.42,195.10,1,-1,-1,-1
247,2,327.63,118.07,63.88,193.47,1,-1,-1,-1
248,2,315.42,114.59,66.80,202.35,1,-1,-1,-1
249,2,316.67,119.75,62.02,187.90,1,-1,-1,-1
250,2,320.51,115.05,66.25,200.72,1,-1,-1,-1
250,12,409.00,169.00,39.00,119.00,1,-1,-1,-1
251,2,324.79,117.04,64.70,196.03,1,-1,-1,-1
251,12,411.00,166.16,40.58,123.80,1,-1,-1,-1
252,2,327.99,120.67,61.22,185.52,1,-1,-1,-1
252,12,414.76,167.87,39.63,120.92,1,-1,-1,-1
252,9,492.21,155.67,99.40,299.79,1,-1,-1,-1
253,2,337.20,131.85,57.20,173.38,1,-1,-1,-1
253,12,416.31,168.59,39.23,119.70,1,-1,-1,-1
253,10,461.93,146.70,59.21,180.31,1,-1,-1,-1
254,2,340.51,134.23,58.54,177.47,1,-1,-1,-1
254,12,415.33,167.18,42.88,130.81,1,-1,-1,-1
254,10,463.79,147.21,57.24,174.22,1,-1,-1,-1
255,2,341.61,135.02,59.02,178.93,1,-1,-1,-1
255,12,414.96,166.66,44.23,134.91,1,-1,-1,-1
256,2,341.80,136.82,56.54,171.46,1,-1,-1,-1
256,12,413.53,170.32,42.83,130.66,1,-1,-1,-1
257,2,349.38,137.39,55.64,168.74,1,-1,-1,-1
257,14,91.51,136.76,55.57,168.71,1,-1,-1,-1
258,2,344.47,135.92,58.05,176.08,1,-1,-1,-1
258,14,74.85,135.43,57.81,175.51,1,-1,-1,-1
258,10,489.89,165.71,49.46,150.53,1,-1,-1,-1
258,12,416.32,140.21,58.87,179.48,1,-1,-1,-1
259,2,342.56,136.93,56.29,170.74,1,-1,-1,-1
259,15,180.14,30.86,148.29,446.86,1,-1,-1,-1
259,10,493.16,168.16,48.38,147.23,1,-1,-1,-1
259,12,409.32,127.56,67.94,207.05,1,-1,-1,-1
260,2,338.28,130.25,64.33,195.13,1,-1,-1,-1
260,15,169.47,32.05,154.24,464.79,1,-1,-1,-1
260,12,394.85,127.31,75.02,228.48,1,-1,-1,-1
261,2,332.86,141.65,58.97,178.88,1,-1,-1,-1
261,15,157.38,31.33,150.66,454.01,1,-1,-1,-1
261,12,378.96,127.29,78.00,237.41,1,-1,-1,-1
262,15,152.38,31.03,149.16,449.47,1,-1,-1,-1
262,12,356.80,122.46,82.70,251.59,1,-1,-1,-1
263,15,131.13,30.92,148.58,447.73,1,-1,-1,-1
263,12,337.32,120.58,84.57,257.14,1,-1,-1,-1
264,15,123.11,30.87,148.36,447.08,1,-1,-1,-1
264,12,318.69,119.90,85.28,259.15,1,-1,-1,-1
265,15,120.17,30.86,148.28,446.84,1,-1,-1,-1
265,12,290.55,106.05,93.49,283.97,1,-1,-1,-1
265,2,366.38,157.93,52.62,159.69,1,-1,-1,-1
266,12,278.83,114.08,88.87,269.82,1,-1,-1,-1
266,2,370.24,159.58,51.89,157.50,1,-1,-1,-1
267,12,275.18,111.39,90.69,275.22,1,-1,-1,-1
267,2,364.31,152.96,51.65,156.81,1,-1,-1,-1
268,12,300.02,127.66,66.57,202.05,1,-1,-1,-1
268,2,357.22,140.82,56.81,172.45,1,-1,-1,-1
269,12,311.79,127.42,55.82,169.43,1,-1,-1,-1
269,2,354.05,137.99,56.07,170.23,1,-1,-1,-1
270,12,307.36,109.27,55.27,167.78,1,-1,-1,-1
270,2,345.23,121.93,55.76,169.30,1,-1,-1,-1
271,2,333.94,97.21,58.30,177.01,1,-1,-1,-1
272,2,319.72,58.31,62.04,188.33,1,-1,-1,-1
273,2,314.31,43.50,63.47,192.65,1,-1,-1,-1
274,2,308.76,48.78,67.00,203.31,1,-1,-1,-1
274,17,267.50,69.00,44.95,136.84,1,-1,-1,-1
275,17,267.50,87.47,44.95,136.84,1,-1,-1,-1
275,12,293.51,71.53,67.56,205.02,1,-1,-1,-1
276,17,267.50,114.31,44.95,136.84,1,-1,-1,-1
277,12,281.70,100.07,68.67,208.35,1,-1,-1,-1
278,12,270.05,108.06,68.58,208.03,1,-1,-1,-1
278,15,57.10,28.86,138.54,417.49,1,-1,-1,-1
279,12,256.78,120.07,68.56,207.92,1,-1,-1,-1
279,15,37.13,30.23,145.29,437.83,1,-1,-1,-1
280,12,280.33,144.84,53.13,161.19,1,-1,-1,-1
280,15,11.28,30.64,147.30,443.90,1,-1,-1,-1
281,17,265.21,127.59,50.99,155.22,1,-1,-1,-1
282,17,260.66,141.78,47.22,143.73,1,-1,-1,-1
283,22,152.06,103.01,87.27,263.88,1,-1,-1,-1
283,12,265.94,148.98,51.81,157.23,1,-1,-1,-1
284,22,149.84,107.60,89.26,269.88,1,-1,-1,-1
284,12,272.36,155.91,49.41,149.99,1,-1,-1,-1
285,22,155.27,102.64,94.36,285.29,1,-1,-1,-1
285,12,281.01,151.55,50.98,154.76,1,-1,-1,-1
286,22,162.35,108.03,92.30,279.07,1,-1,-1,-1
286,12,297.56,156.51,49.20,149.40,1,-1,-1,-1
287,22,172.89,102.61,95.68,289.26,1,-1,-1,-1
287,12,308.77,163.66,46.31,140.65,1,-1,-1,-1
288,22,176.84,100.57,96.95,293.08,1,-1,-1,-1
288,17,274.08,171.82,42.31,128.81,1,-1,-1,-1
289,22,180.78,94.64,106.78,322.78,1,-1,-1,-1
289,17,285.03,182.52,39.87,121.40,1,-1,-1,-1
290,22,196.41,92.41,110.50,333.98,1,-1,-1,-1
290,17,282.15,159.23,53.17,161.84,1,-1,-1,-1
291,22,202.71,91.53,111.97,338.39,1,-1,-1,-1
291,24,148.93,158.63,59.63,180.89,1,-1,-1,-1
291,12,301.87,146.53,62.04,188.40,1,-1,-1,-1
292,22,214.47,79.84,117.67,355.58,1,-1,-1,-1
292,12,318.29,160.39,56.45,171.41,1,-1,-1,-1
293,22,218.94,75.35,119.85,362.11,1,-1,-1,-1
293,12,333.66,159.23,58.91,178.87,1,-1,-1,-1
293,25,413.99,45.00,121.99,367.99,1,-1,-1,-1
293,26,30.86,30.86,148.29,446.86,1,-1,-1,-1
294,22,236.09,73.63,120.66,364.51,1,-1,-1,-1
294,12,346.96,158.81,59.80,181.56,1,-1,-1,-1
294,25,430.08,34.98,125.85,379.62,1,-1,-1,-1
294,26,45.27,45.29,142.73,430.12,1,-1,-1,-1
295,22,237.15,59.64,126.49,382.07,1,-1,-1,-1
295,12,359.88,158.65,60.11,182.47,1,-1,-1,-1
295,25,442.08,13.69,139.77,421.59,1,-1,-1,-1
295,26,55.36,36.36,146.17,440.47,1,-1,-1,-1
296,22,240.64,40.25,140.93,425.60,1,-1,-1,-1
296,12,372.62,158.59,60.18,182.68,1,-1,-1,-1
296,25,463.64,19.17,123.14,371.45,1,-1,-1,-1
296,26,74.50,49.41,141.15,425.34,1,-1,-1,-1
297,22,241.94,32.76,146.52,442.39,1,-1,-1,-1
297,12,386.57,146.66,65.97,200.20,1,-1,-1,-1
297,26,81.99,54.55,139.16,419.37,1,-1,-1,-1
298,22,232.92,11.03,155.42,469.18,1,-1,-1,-1
298,12,398.13,153.72,62.53,189.75,1,-1,-1,-1
298,26,98.08,71.06,132.33,398.81,1,-1,-1,-1
299,12,405.00,144.71,66.85,202.82,1,-1,-1,-1
299,26,109.06,62.37,135.98,409.79,1,-1,-1,-1
300,12,428.20,153.08,62.75,190.38,1,-1,-1,-1
301,12,440.32,157.12,58.30,176.89,1,-1,-1,-1
301,28,368.58,159.06,44.95,136.84,1,-1,-1,-1
302,12,449.47,158.15,59.30,179.92,1,-1,-1,-1
302,28,372.33,158.80,46.76,142.36,1,-1,-1,-1
303,12,456.71,148.84,62.49,189.58,1,-1,-1,-1
303,28,380.34,158.66,47.69,145.18,1,-1,-1,-1
303,17,326.31,189.84,42.21,128.51,1,-1,-1,-1
304,12,459.22,145.35,63.68,193.18,1,-1,-1,-1
304,28,384.78,157.74,46.00,140.04,1,-1,-1,-1
304,17,333.95,190.31,41.80,127.28,1,-1,-1,-1
304,26,174.01,186.05,101.11,304.77,1,-1,-1,-1
305,12,462.97,141.63,67.12,203.59,1,-1,-1,-1
305,28,385.72,144.04,52.15,158.75,1,-1,-1,-1
305,17,341.98,190.58,41.65,126.84,1,-1,-1,-1
306,12,469.46,142.59,65.46,198.55,1,-1,-1,-1
306,28,389.72,146.56,52.05,158.43,1,-1,-1,-1
306,17,345.91,182.83,45.92,139.84,1,-1,-1,-1
306,25,514.42,133.35,86.31,260.43,1,-1,-1,-1
307,12,476.41,153.20,59.26,179.76,1,-1,-1,-1
307,28,387.18,153.97,49.75,151.41,1,-1,-1,-1
307,17,350.19,184.30,45.33,138.02,1,-1,-1,-1
307,25,514.13,131.45,80.17,241.96,1,-1,-1,-1
308,28,388.74,141.02,56.21,171.03,1,-1,-1,-1
308,17,353.16,182.36,43.05,131.09,1,-1,-1,-1
308,25,514.30,131.40,78.62,237.37,1,-1,-1,-1
308,22,304.02,93.26,82.32,248.58,1,-1,-1,-1
308,26,162.78,80.74,111.12,334.99,1,-1,-1,-1
309,28,396.87,136.39,58.53,178.05,1,-1,-1,-1
309,17,359.78,184.27,40.25,122.61,1,-1,-1,-1
309,25,515.99,125.60,82.22,248.27,1,-1,-1,-1
309,22,304.92,140.02,62.23,188.05,1,-1,-1,-1
309,26,142.38,59.30,123.48,372.28,1,-1,-1,-1
310,28,400.76,143.66,54.55,165.93,1,-1,-1,-1
310,17,362.06,188.14,41.20,125.51,1,-1,-1,-1
310,25,516.49,123.48,83.52,252.22,1,-1,-1,-1
310,22,305.27,147.39,58.97,178.28,1,-1,-1,-1
310,26,140.93,53.85,133.84,403.49,1,-1,-1,-1
310,32,471.21,169.70,39.56,120.72,1,-1,-1,-1
311,28,402.25,146.75,52.86,160.77,1,-1,-1,-1
311,17,368.05,191.72,39.64,120.77,1,-1,-1,-1
311,25,501.69,121.29,92.64,279.79,1,-1,-1,-1
311,22,305.29,149.01,58.25,176.20,1,-1,-1,-1
311,26,140.35,51.98,137.93,415.81,1,-1,-1,-1
311,32,462.44,171.25,40.82,124.56,1,-1,-1,-1
312,28,399.36,147.45,54.69,166.34,1,-1,-1,-1
312,17,370.56,190.72,41.00,124.91,1,-1,-1,-1
312,25,499.81,117.22,105.36,318.16,1,-1,-1,-1
312,22,305.82,112.16,72.62,219.66,1,-1,-1,-1
312,26,140.14,51.66,139.44,420.37,1,-1,-1,-1
312,32,453.93,174.85,39.71,121.18,1,-1,-1,-1
313,28,398.27,147.72,55.37,168.37,1,-1,-1,-1
313,17,370.64,187.14,43.50,132.53,1,-1,-1,-1
313,25,491.08,105.49,115.37,348.35,1,-1,-1,-1
313,32,446.01,169.50,43.03,131.28,1,-1,-1,-1
314,28,397.80,147.83,55.62,169.10,1,-1,-1,-1
314,17,370.58,185.77,44.45,135.40,1,-1,-1,-1
314,25,487.51,100.66,119.41,360.52,1,-1,-1,-1
314,32,442.35,174.17,40.58,123.82,1,-1,-1,-1
314,26,153.14,69.75,132.26,398.73,1,-1,-1,-1
315,28,391.17,99.84,78.50,238.55,1,-1,-1,-1
315,17,374.78,187.40,46.94,142.98,1,-1,-1,-1
315,25,486.09,98.68,120.95,365.15,1,-1,-1,-1
315,26,145.01,79.73,136.12,410.36,1,-1,-1,-1
316,28,383.11,121.07,73.84,224.33,1,-1,-1,-1
316,17,382.63,188.01,47.89,145.84,1,-1,-1,-1
316,25,491.24,85.75,127.00,383.36,1,-1,-1,-1
316,26,148.92,67.36,143.91,433.85,1,-1,-1,-1
316,34,25.60,143.40,60.49,183.50,1,-1,-1,-1
316,22,313.16,139.37,65.01,196.69,1,-1,-1,-1
317,17,392.23,189.21,44.17,134.53,1,-1,-1,-1
317,25,498.08,66.66,135.17,407.96,1,-1,-1,-1
317,26,136.66,44.88,153.71,463.35,1,-1,-1,-1
317,34,26.39,136.48,62.41,189.31,1,-1,-1,-1
317,22,313.55,143.18,64.06,193.86,1,-1,-1,-1
318,17,401.56,189.65,42.66,129.92,1,-1,-1,-1
318,26,149.64,65.49,138.44,417.33,1,-1,-1,-1
318,34,33.23,135.05,60.72,184.19,1,-1,-1,-1
318,22,322.63,144.34,63.75,192.98,1,-1,-1,-1
319,26,150.53,61.97,145.01,437.10,1,-1,-1,-1
319,34,34.47,143.32,57.42,174.18,1,-1,-1,-1
319,22,325.79,144.68,63.67,192.76,1,-1,-1,-1
319,32,424.44,179.97,50.52,154.09,1,-1,-1,-1
320,26,180.54,58.14,140.81,424.46,1,-1,-1,-1
320,34,36.56,137.48,58.80,178.37,1,-1,-1,-1
320,32,434.87,174.36,53.85,164.18,1,-1,-1,-1
321,26,192.23,56.71,139.14,419.42,1,-1,-1,-1
321,34,50.39,136.91,56.69,172.00,1,-1,-1,-1
321,32,446.96,171.63,52.82,160.99,1,-1,-1,-1
321,24,158.59,122.42,59.63,180.89,1,-1,-1,-1
321,28,365.54,125.48,69.27,210.35,1,-1,-1,-1
322,26,205.00,53.75,132.35,398.97,1,-1,-1,-1
322,34,63.23,129.21,55.88,169.53,1,-1,-1,-1
322,32,458.61,133.83,69.66,212.15,1,-1,-1,-1
322,24,157.58,109.88,62.62,189.94,1,-1,-1,-1
322,28,379.17,116.83,75.83,230.17,1,-1,-1,-1
323,26,219.65,36.42,136.07,410.17,1,-1,-1,-1
323,34,75.41,126.37,55.59,168.65,1,-1,-1,-1
323,32,462.56,148.53,52.57,160.13,1,-1,-1,-1
323,24,148.73,114.31,63.60,192.88,1,-1,-1,-1
323,28,393.50,114.26,77.79,236.04,1,-1,-1,-1
324,26,232.06,46.17,131.28,395.76,1,-1,-1,-1
324,34,75.60,123.24,58.15,176.41,1,-1,-1,-1
324,32,469.73,152.67,45.43,138.40,1,-1,-1,-1
324,24,146.02,91.75,73.79,223.72,1,-1,-1,-1
324,28,399.10,102.90,78.57,238.32,1,-1,-1,-1
325,26,239.79,35.24,142.39,429.25,1,-1,-1,-1
325,34,83.48,122.11,59.10,179.30,1,-1,-1,-1
325,24,135.01,83.43,77.57,235.08,1,-1,-1,-1
325,28,411.62,98.51,78.87,239.17,1,-1,-1,-1
325,40,544.06,150.34,55.57,168.71,1,-1,-1,-1
325,25,512.69,95.88,82.42,248.86,1,-1,-1,-1
326,26,242.54,31.35,146.36,441.18,1,-1,-1,-1
326,34,78.48,121.72,59.47,180.42,1,-1,-1,-1
326,24,125.41,83.82,82.69,250.53,1,-1,-1,-1
326,28,426.79,96.89,78.98,239.45,1,-1,-1,-1
326,40,545.63,146.78,60.21,182.79,1,-1,-1,-1
327,26,250.97,28.65,141.44,426.35,1,-1,-1,-1
327,34,77.14,132.09,54.52,165.42,1,-1,-1,-1
327,24,110.83,84.11,84.68,256.51,1,-1,-1,-1
327,28,430.31,89.61,82.75,250.81,1,-1,-1,-1
327,40,554.38,144.99,62.55,189.88,1,-1,-1,-1
328,26,265.84,29.09,146.07,440.28,1,-1,-1,-1
328,24,98.05,76.61,89.30,270.43,1,-1,-1,-1
328,28,431.53,86.92,84.17,255.05,1,-1,-1,-1
328,40,564.98,145.84,60.82,184.63,1,-1,-1,-1
329,26,271.16,29.31,147.76,445.37,1,-1,-1,-1
329,24,72.42,64.65,95.21,288.22,1,-1,-1,-1
329,28,434.88,81.45,92.90,281.42,1,-1,-1,-1
329,40,569.24,146.20,60.10,182.45,1,-1,-1,-1
330,26,279.34,46.39,141.88,427.65,1,-1,-1,-1
330,24,50.00,60.00,97.51,295.11,1,-1,-1,-1
330,28,440.96,87.64,92.10,278.91,1,-1,-1,-1
330,40,554.07,114.20,72.27,219.33,1,-1,-1,-1
331,26,282.08,34.57,139.55,420.62,1,-1,-1,-1
331,24,29.55,61.01,102.80,311.05,1,-1,-1,-1
331,28,447.66,93.03,84.04,254.48,1,-1,-1,-1
331,40,551.56,96.46,80.11,243.08,1,-1,-1,-1
332,26,276.27,31.56,145.31,437.98,1,-1,-1,-1
332,24,8.41,50.12,109.57,331.44,1,-1,-1,-1
332,28,448.60,88.38,84.60,256.13,1,-1,-1,-1
332,40,557.38,95.35,79.91,242.42,1,-1,-1,-1
333,26,274.02,30.49,147.42,444.35,1,-1,-1,-1
333,24,0.18,43.99,107.51,325.12,1,-1,-1,-1
333,28,457.85,78.71,88.82,268.85,1,-1,-1,-1
333,40,559.84,95.10,79.74,241.86,1,-1,-1,-1
334,26,272.90,30.14,148.22,446.75,1,-1,-1,-1
334,24,24.40,102.90,72.73,220.04,1,-1,-1,-1
334,28,457.10,78.54,94.62,286.35,1,-1,-1,-1
334,40,567.86,105.01,73.06,221.59,1,-1,-1,-1
334,42,414.41,114.49,77.94,235.79,1,-1,-1,-1
335,26,263.96,31.48,155.50,468.66,1,-1,-1,-1
335,24,32.38,117.51,62.91,190.39,1,-1,-1,-1
335,28,460.76,75.16,92.68,280.43,1,-1,-1,-1
335,40,571.03,109.16,70.32,213.26,1,-1,-1,-1
335,42,415.86,113.65,78.53,237.58,1,-1,-1,-1
336,26,268.70,30.64,151.34,456.11,1,-1,-1,-1
336,24,27.07,108.97,63.33,191.69,1,-1,-1,-1
336,28,462.00,73.93,91.81,277.78,1,-1,-1,-1
336,40,581.40,101.49,69.31,210.17,1,-1,-1,-1
336,42,416.60,123.26,78.84,238.51,1,-1,-1,-1
337,26,258.52,29.05,143.03,431.07,1,-1,-1,-1
337,24,24.22,109.88,60.47,183.07,1,-1,-1,-1
337,28,462.32,73.55,91.45,276.66,1,-1,-1,-1
338,26,258.07,9.77,153.70,463.23,1,-1,-1,-1
338,24,23.52,110.19,59.50,180.19,1,-1,-1,-1
338,28,474.38,73.48,91.29,276.15,1,-1,-1,-1
338,42,429.10,115.76,78.97,238.92,1,-1,-1,-1
339,26,266.10,2.96,150.60,453.86,1,-1,-1,-1
339,24,23.46,110.28,59.22,179.37,1,-1,-1,-1
339,28,478.82,73.53,91.21,275.87,1,-1,-1,-1
339,42,432.04,113.93,78.99,238.98,1,-1,-1,-1
340,26,260.84,0.44,156.34,471.14,1,-1,-1,-1
340,24,15.90,106.75,62.13,188.20,1,-1,-1,-1
340,28,489.97,64.13,95.47,288.70,1,-1,-1,-1
340,42,443.53,113.27,79.00,239.00,1,-1,-1,-1
341,26,267.08,18.95,151.53,456.65,1,-1,-1,-1
341,28,503.26,63.39,101.59,307.18,1,-1,-1,-1
341,42,457.66,107.07,82.73,250.27,1,-1,-1,-1
342,26,269.46,26.44,149.57,450.75,1,-1,-1,-1
342,28,517.05,51.62,108.75,328.75,1,-1,-1,-1
342,42,473.83,110.61,80.46,243.40,1,-1,-1,-1
343,26,295.27,27.94,142.22,428.59,1,-1,-1,-1
343,28,529.51,55.81,102.33,309.32,1,-1,-1,-1
343,42,480.06,112.06,79.54,240.62,1,-1,-1,-1
343,22,416.89,97.30,78.87,238.76,1,-1,-1,-1
344,26,299.65,9.74,146.13,440.39,1,-1,-1,-1
344,28,547.19,57.78,99.53,300.82,1,-1,-1,-1
344,22,428.57,96.34,79.19,239.67,1,-1,-1,-1
345,26,327.03,20.35,134.86,406.45,1,-1,-1,-1
345,22,433.01,96.04,79.28,239.95,1,-1,-1,-1
345,43,54.71,106.00,63.12,191.33,1,-1,-1,-1
345,25,528.87,112.73,79.11,238.99,1,-1,-1,-1
346,26,325.18,6.88,150.92,454.83,1,-1,-1,-1
346,22,444.99,96.01,79.30,239.97,1,-1,-1,-1
346,43,65.35,115.10,61.19,185.49,1,-1,-1,-1
346,24,11.68,120.93,59.82,181.23,1,-1,-1,-1
346,28,554.96,98.77,93.00,281.09,1,-1,-1,-1
347,26,345.18,2.29,156.36,471.20,1,-1,-1,-1
347,43,82.15,121.84,57.63,174.72,1,-1,-1,-1
347,24,27.27,132.25,56.86,172.31,1,-1,-1,-1
348,26,347.10,0.55,165.90,499.94,1,-1,-1,-1
348,43,84.83,139.90,53.74,162.93,1,-1,-1,-1
348,24,34.02,126.04,58.64,177.72,1,-1,-1,-1
349,26,376.49,19.03,155.43,468.38,1,-1,-1,-1
349,24,44.41,123.84,59.26,179.62,1,-1,-1,-1
349,45,209.00,161.00,39.00,119.00,1,-1,-1,-1
350,26,387.97,26.76,151.00,455.01,1,-1,-1,-1
350,24,46.17,125.08,56.84,172.31,1,-1,-1,-1
350,45,204.54,161.00,39.00,119.00,1,-1,-1,-1
351,24,48.95,123.38,58.62,177.74,1,-1,-1,-1
351,45,202.23,161.00,39.00,119.00,1,-1,-1,-1
352,45,196.18,161.00,39.00,119.00,1,-1,-1,-1
352,22,486.01,66.19,102.59,310.33,1,-1,-1,-1
353,45,193.86,155.83,39.00,119.00,1,-1,-1,-1
353,22,503.60,54.68,114.21,345.31,1,-1,-1,-1
353,34,146.48,110.15,59.59,180.82,1,-1,-1,-1
354,45,192.99,159.05,39.00,119.00,1,-1,-1,-1
354,22,510.48,50.15,118.81,359.10,1,-1,-1,-1
354,34,148.43,120.10,56.99,172.94,1,-1,-1,-1
354,43,102.12,127.09,55.46,168.17,1,-1,-1,-1
355,34,156.60,132.30,53.52,162.44,1,-1,-1,-1
355,43,118.61,133.50,55.64,168.73,1,-1,-1,-1
355,26,389.42,3.62,158.31,477.02,1,-1,-1,-1
356,34,165.70,130.55,49.83,151.30,1,-1,-1,-1
356,43,124.28,128.26,55.70,168.92,1,-1,-1,-1
357,43,126.30,126.28,55.71,168.97,1,-1,-1,-1
357,45,183.50,121.48,52.63,160.53,1,-1,-1,-1
358,43,126.93,125.55,55.70,168.97,1,-1,-1,-1
358,45,182.09,122.57,54.74,166.91,1,-1,-1,-1
359,43,127.04,140.20,55.69,168.95,1,-1,-1,-1
359,45,182.12,136.39,58.10,177.07,1,-1,-1,-1
359,26,388.10,29.27,158.97,478.99,1,-1,-1,-1
360,43,135.32,173.15,46.73,141.83,1,-1,-1,-1
360,45,187.19,149.97,54.60,166.36,1,-1,-1,-1
360,26,387.11,32.46,158.97,479.00,1,-1,-1,-1
361,43,138.37,164.68,50.10,152.06,1,-1,-1,-1
361,45,183.55,155.79,55.49,169.02,1,-1,-1,-1
361,26,386.78,33.54,158.98,479.00,1,-1,-1,-1
361,46,-17.12,82.74,106.69,321.97,1,-1,-1,-1
362,43,139.42,155.18,51.13,155.22,1,-1,-1,-1
362,45,181.19,157.93,53.41,162.67,1,-1,-1,-1
362,26,408.98,32.46,151.93,457.79,1,-1,-1,-1
362,46,-19.66,62.19,109.76,331.23,1,-1,-1,-1
363,43,140.10,157.87,49.23,149.48,1,-1,-1,-1
363,45,187.23,158.80,52.55,160.00,1,-1,-1,-1
363,26,394.45,33.38,156.42,471.30,1,-1,-1,-1
363,46,-20.01,63.12,106.60,321.71,1,-1,-1,-1
363,24,101.30,174.48,45.39,137.75,1,-1,-1,-1
364,43,146.86,159.34,50.86,154.43,1,-1,-1,-1
364,45,191.08,159.16,54.66,166.38,1,-1,-1,-1
364,26,389.15,33.68,158.05,476.20,1,-1,-1,-1
365,43,141.34,159.88,53.92,163.72,1,-1,-1,-1
365,45,192.52,159.30,55.44,168.73,1,-1,-1,-1
365,26,387.02,33.73,158.68,478.08,1,-1,-1,-1
366,43,139.18,152.73,55.07,167.22,1,-1,-1,-1
366,45,191.57,152.47,53.30,162.18,1,-1,-1,-1
366,26,388.86,32.28,151.88,457.61,1,-1,-1,-1
367,43,144.60,140.95,58.13,176.49,1,-1,-1,-1
367,26,409.56,31.65,149.27,449.75,1,-1,-1,-1
367,34,204.67,136.61,55.43,168.29,1,-1,-1,-1
368,43,154.39,136.45,59.29,179.99,1,-1,-1,-1
368,26,412.77,11.40,163.14,491.53,1,-1,-1,-1
368,34,210.79,144.77,53.19,161.51,1,-1,-1,-1
369,26,409.30,4.13,176.00,530.23,1,-1,-1,-1
369,34,223.15,154.28,50.02,151.94,1,-1,-1,-1
369,46,14.93,68.58,86.63,261.48,1,-1,-1,-1
369,45,183.60,148.68,55.20,167.92,1,-1,-1,-1
370,26,415.21,21.67,165.97,499.99,1,-1,-1,-1
370,34,231.44,158.29,51.18,155.48,1,-1,-1,-1
370,46,20.90,65.38,99.59,300.61,1,-1,-1,-1
370,45,182.36,148.19,55.43,168.59,1,-1,-1,-1
371,26,417.44,29.08,161.66,487.01,1,-1,-1,-1
371,34,241.28,159.69,51.60,156.74,1,-1,-1,-1
371,46,22.69,64.53,102.83,310.39,1,-1,-1,-1
371,45,182.52,146.99,58.16,176.84,1,-1,-1,-1
372,26,438.02,10.56,167.64,505.02,1,-1,-1,-1
372,34,248.87,152.72,54.22,164.71,1,-1,-1,-1
372,46,23.27,64.21,104.12,314.29,1,-1,-1,-1
372,45,189.31,147.56,56.59,172.03,1,-1,-1,-1
373,34,254.45,157.36,52.78,160.33,1,-1,-1,-1
373,46,37.18,64.11,104.60,315.75,1,-1,-1,-1
373,45,201.59,154.76,51.16,155.53,1,-1,-1,-1
373,43,193.61,127.17,67.70,205.46,1,-1,-1,-1
374,34,263.32,159.14,52.18,158.52,1,-1,-1,-1
374,46,42.42,64.10,104.77,316.25,1,-1,-1,-1
374,45,209.25,158.05,51.45,156.42,1,-1,-1,-1
375,34,271.49,152.29,54.44,165.37,1,-1,-1,-1
375,46,55.35,74.27,100.19,302.44,1,-1,-1,-1
375,45,218.92,159.18,51.56,156.74,1,-1,-1,-1
376,34,276.28,157.05,52.83,160.50,1,-1,-1,-1
376,46,62.96,67.84,103.11,311.26,1,-1,-1,-1
376,45,225.65,159.08,49.29,149.83,1,-1,-1,-1
377,34,277.80,158.90,52.18,158.53,1,-1,-1,-1
377,46,65.63,65.51,104.16,314.45,1,-1,-1,-1
377,45,228.03,158.99,48.44,147.26,1,-1,-1,-1
378,34,283.72,152.07,54.43,165.33,1,-1,-1,-1
378,46,66.45,64.62,104.56,315.64,1,-1,-1,-1
378,45,228.63,151.84,53.03,161.19,1,-1,-1,-1
379,34,287.20,156.87,52.81,160.43,1,-1,-1,-1
379,46,54.70,52.40,109.65,331.00,1,-1,-1,-1
379,45,232.66,149.75,52.25,158.82,1,-1,-1,-1
379,47,447.28,173.38,41.31,125.89,1,-1,-1,-1
380,34,286.80,151.25,54.65,166.02,1,-1,-1,-1
380,46,48.23,59.52,106.68,322.03,1,-1,-1,-1
380,45,234.09,155.92,51.93,157.85,1,-1,-1,-1
380,47,452.04,182.37,35.90,109.43,1,-1,-1,-1
381,34,294.84,156.52,52.88,160.65,1,-1,-1,-1
381,46,47.53,65.45,110.43,333.36,1,-1,-1,-1
381,45,234.51,158.26,51.81,157.48,1,-1,-1,-1
381,47,455.39,178.97,37.88,115.47,1,-1,-1,-1
381,48,522.06,168.73,48.94,148.86,1,-1,-1,-1
382,34,297.63,158.08,49.85,151.44,1,-1,-1,-1
382,46,33.61,55.07,117.06,353.34,1,-1,-1,-1
382,45,234.56,159.12,51.77,157.35,1,-1,-1,-1
382,48,521.74,163.53,52.58,159.91,1,-1,-1,-1
382,43,282.90,106.48,73.27,222.26,1,-1,-1,-1
383,34,291.33,159.15,51.07,155.16,1,-1,-1,-1
383,46,27.19,63.51,114.41,345.32,1,-1,-1,-1
383,45,243.73,165.45,49.44,150.29,1,-1,-1,-1
383,48,522.19,160.43,56.88,172.97,1,-1,-1,-1
383,43,286.82,105.40,73.55,223.05,1,-1,-1,-1
384,34,289.03,159.52,51.51,156.49,1,-1,-1,-1
384,46,23.61,63.98,108.31,326.92,1,-1,-1,-1
384,45,244.79,161.70,50.91,154.75,1,-1,-1,-1
384,48,518.67,147.80,64.16,195.10,1,-1,-1,-1
384,43,280.54,99.46,77.14,233.85,1,-1,-1,-1
385,34,286.60,152.19,54.15,164.52,1,-1,-1,-1
385,46,22.27,64.17,105.92,319.71,1,-1,-1,-1
385,45,240.89,159.85,49.15,149.39,1,-1,-1,-1
385,48,519.98,145.02,64.25,195.34,1,-1,-1,-1
385,43,278.06,97.26,78.49,237.86,1,-1,-1,-1
385,47,445.25,192.97,30.56,93.18,1,-1,-1,-1
386,34,285.62,149.44,55.14,167.52,1,-1,-1,-1
386,46,7.76,54.35,115.45,348.47,1,-1,-1,-1
386,45,240.06,152.05,53.33,162.08,1,-1,-1,-1
386,48,520.54,143.91,64.25,195.30,1,-1,-1,-1
386,43,278.36,89.82,82.69,250.52,1,-1,-1,-1
386,47,442.81,193.53,28.13,85.82,1,-1,-1,-1
387,34,285.15,148.38,55.52,168.66,1,-1,-1,-1
387,46,15.11,95.44,104.38,315.09,1,-1,-1,-1
387,45,238.95,156.03,50.16,152.46,1,-1,-1,-1
387,48,517.92,141.16,67.18,204.16,1,-1,-1,-1
387,43,278.35,76.05,84.29,255.31,1,-1,-1,-1
388,34,284.88,147.99,55.66,169.05,1,-1,-1,-1
388,46,26.75,141.08,87.16,263.15,1,-1,-1,-1
388,45,235.59,158.20,51.20,155.62,1,-1,-1,-1
388,48,521.44,137.01,71.42,217.00,1,-1,-1,-1
388,43,267.08,81.74,84.89,257.08,1,-1,-1,-1
389,34,284.72,155.27,55.69,169.17,1,-1,-1,-1
389,46,8.28,118.59,99.04,299.03,1,-1,-1,-1
389,45,237.07,164.98,49.28,149.78,1,-1,-1,-1
389,48,526.30,131.41,76.41,232.08,1,-1,-1,-1
389,43,261.69,90.74,81.40,246.48,1,-1,-1,-1
390,34,279.09,158.03,53.24,161.71,1,-1,-1,-1
390,45,227.75,161.47,50.88,154.64,1,-1,-1,-1
390,48,528.22,129.22,78.38,237.99,1,-1,-1,-1
390,43,260.32,79.50,87.80,265.79,1,-1,-1,-1
391,34,269.78,159.08,52.27,158.79,1,-1,-1,-1
391,45,221.07,159.70,49.17,149.46,1,-1,-1,-1
391,48,520.54,117.18,86.59,262.85,1,-1,-1,-1
391,43,248.09,75.44,90.13,272.78,1,-1,-1,-1
392,34,267.70,172.09,49.59,150.65,1,-1,-1,-1
392,45,214.78,159.50,50.84,154.54,1,-1,-1,-1
392,48,516.06,105.24,93.82,284.67,1,-1,-1,-1
392,43,250.64,116.23,76.80,232.47,1,-1,-1,-1
393,34,258.42,164.08,50.95,154.80,1,-1,-1,-1
393,45,212.65,164.05,47.03,142.96,1,-1,-1,-1
393,48,514.22,100.44,96.73,293.41,1,-1,-1,-1
393,43,241.78,77.81,90.98,275.34,1,-1,-1,-1
394,34,255.14,161.21,51.44,156.29,1,-1,-1,-1
394,45,215.56,167.22,47.74,145.15,1,-1,-1,-1
394,48,518.72,93.57,106.99,324.36,1,-1,-1,-1
394,43,241.27,82.27,87.62,265.14,1,-1,-1,-1
395,34,255.76,159.60,49.32,149.87,1,-1,-1,-1
395,45,205.91,162.28,50.32,152.97,1,-1,-1,-1
395,48,527.46,95.83,102.06,309.33,1,-1,-1,-1
395,43,248.03,101.33,75.54,228.62,1,-1,-1,-1
396,34,256.11,158.96,48.52,147.43,1,-1,-1,-1
396,45,202.37,160.43,51.28,155.89,1,-1,-1,-1
396,48,523.86,91.90,109.14,330.65,1,-1,-1,-1
396,43,233.82,47.27,100.71,304.70,1,-1,-1,-1
397,34,254.48,159.23,50.58,153.70,1,-1,-1,-1
397,45,198.72,165.65,49.37,150.08,1,-1,-1,-1
397,48,522.50,90.44,111.80,338.60,1,-1,-1,-1
397,43,235.47,40.55,99.80,301.88,1,-1,-1,-1
398,34,251.00,159.36,53.79,163.44,1,-1,-1,-1
398,45,194.35,161.65,53.45,162.46,1,-1,-1,-1
398,48,521.61,65.53,123.38,373.51,1,-1,-1,-1
398,43,236.36,38.11,99.11,299.75,1,-1,-1,-1
399,34,254.33,165.24,50.34,152.97,1,-1,-1,-1
399,45,202.05,166.01,50.27,152.81,1,-1,-1,-1
399,43,230.24,26.57,108.16,327.04,1,-1,-1,-1
400,34,250.99,161.53,53.79,163.46,1,-1,-1,-1
400,45,203.30,161.73,53.79,163.49,1,-1,-1,-1
400,43,234.25,32.77,102.44,309.71,1,-1,-1,-1
401,34,245.86,160.18,52.59,159.81,1,-1,-1,-1
401,45,201.74,160.18,52.63,159.97,1,-1,-1,-1
401,43,225.63,46.19,95.55,288.85,1,-1,-1,-1
402,34,246.15,159.14,49.79,151.30,1,-1,-1,-1
402,45,195.77,152.13,54.62,165.99,1,-1,-1,-1
402,43,219.81,41.06,97.20,293.81,1,-1,-1,-1
403,34,246.36,165.38,48.71,148.05,1,-1,-1,-1
403,45,198.91,156.45,52.93,160.84,1,-1,-1,-1
403,43,217.73,39.27,97.78,295.55,1,-1,-1,-1
404,34,246.49,167.64,48.33,146.89,1,-1,-1,-1
404,45,200.25,158.21,52.23,158.74,1,-1,-1,-1
404,43,217.01,38.73,97.96,296.07,1,-1,-1,-1
405,34,246.59,161.87,48.19,146.49,1,-1,-1,-1
405,45,195.34,151.42,54.45,165.46,1,-1,-1,-1
405,43,216.82,38.67,97.99,296.13,1,-1,-1,-1
406,34,244.39,160.20,50.48,153.45,1,-1,-1,-1
406,45,196.54,155.74,50.57,153.67,1,-1,-1,-1
406,43,216.81,25.83,97.96,296.03,1,-1,-1,-1
407,34,247.60,152.23,53.78,163.44,1,-1,-1,-1
407,45,197.13,157.54,48.99,148.89,1,-1,-1,-1
407,43,213.23,21.99,102.54,309.83,1,-1,-1,-1
408,34,251.70,149.64,52.63,159.94,1,-1,-1,-1
408,45,199.81,151.59,50.78,154.32,1,-1,-1,-1
408,43,211.92,20.64,104.24,314.95,1,-1,-1,-1
409,34,253.39,148.67,52.14,158.47,1,-1,-1,-1
409,45,200.79,149.46,51.42,156.28,1,-1,-1,-1
409,43,215.07,19.36,100.30,303.02,1,-1,-1,-1
410,34,247.06,148.34,51.95,157.89,1,-1,-1,-1
410,45,194.24,148.67,51.67,157.04,1,-1,-1,-1
410,43,203.32,19.07,98.68,298.12,1,-1,-1,-1
411,34,244.68,148.26,51.88,157.66,1,-1,-1,-1
411,45,189.84,154.88,49.46,150.33,1,-1,-1,-1
411,43,199.00,19.08,98.05,296.22,1,-1,-1,-1
412,34,239.57,154.75,49.54,150.56,1,-1,-1,-1
412,45,185.96,162.57,46.42,141.09,1,-1,-1,-1
412,43,192.87,20.14,102.46,309.50,1,-1,-1,-1
413,34,237.66,157.28,48.64,147.83,1,-1,-1,-1
413,45,180.17,160.09,47.52,144.46,1,-1,-1,-1
413,43,184.82,6.87,108.98,329.16,1,-1,-1,-1
414,34,234.24,151.63,50.65,153.95,1,-1,-1,-1
414,45,178.17,159.20,47.91,145.66,1,-1,-1,-1
414,43,179.37,14.45,102.14,308.51,1,-1,-1,-1
415,34,226.12,149.58,51.39,156.19,1,-1,-1,-1
415,45,177.50,158.86,48.07,146.15,1,-1,-1,-1
415,43,171.83,18.76,103.94,313.92,1,-1,-1,-1
416,34,226.23,155.25,49.38,150.09,1,-1,-1,-1
416,45,170.81,158.72,48.14,146.36,1,-1,-1,-1
416,43,169.16,20.36,104.58,315.85,1,-1,-1,-1
417,34,218.68,150.44,53.45,162.44,1,-1,-1,-1
417,45,168.38,158.67,48.17,146.46,1,-1,-1,-1
417,43,160.87,20.11,100.19,302.59,1,-1,-1,-1
418,34,211.50,137.72,60.25,183.07,1,-1,-1,-1
418,45,167.56,158.64,48.19,146.52,1,-1,-1,-1
418,43,157.88,20.09,98.46,297.35,1,-1,-1,-1
419,34,214.16,150.07,53.16,161.53,1,-1,-1,-1
419,45,165.99,163.81,46.04,140.00,1,-1,-1,-1
419,43,156.94,20.12,97.81,295.40,1,-1,-1,-1
420,34,209.01,155.66,49.95,151.80,1,-1,-1,-1
420,45,165.53,165.77,45.22,137.53,1,-1,-1,-1
420,43,181.58,81.21,78.48,237.10,1,-1,-1,-1
421,34,204.10,156.74,46.59,141.60,1,-1,-1,-1
421,45,159.26,166.46,44.94,136.67,1,-1,-1,-1
421,48,503.09,29.16,137.77,416.60,1,-1,-1,-1
422,34,202.46,157.13,45.37,137.92,1,-1,-1,-1
422,45,151.38,161.45,47.02,143.02,1,-1,-1,-1
422,48,502.47,28.48,138.08,417.27,1,-1,-1,-1
423,34,198.47,151.50,47.16,143.39,1,-1,-1,-1
423,45,148.08,158.71,45.66,138.89,1,-1,-1,-1
423,48,497.23,27.03,132.10,399.04,1,-1,-1,-1
424,34,194.44,155.10,45.65,138.82,1,-1,-1,-1
424,45,146.97,157.64,45.13,137.29,1,-1,-1,-1
424,48,481.63,27.81,136.04,410.80,1,-1,-1,-1
425,34,190.13,161.03,43.03,130.87,1,-1,-1,-1
425,45,140.55,157.25,44.94,136.72,1,-1,-1,-1
425,48,457.67,28.11,137.49,415.06,1,-1,-1,-1
425,43,170.88,120.68,60.92,184.14,1,-1,-1,-1
426,34,185.53,161.23,40.13,122.10,1,-1,-1,-1
426,45,132.16,157.12,44.88,136.54,1,-1,-1,-1
426,48,448.64,28.28,138.04,416.65,1,-1,-1,-1
426,43,170.18,125.54,56.61,171.19,1,-1,-1,-1
427,34,177.56,152.27,43.20,131.44,1,-1,-1,-1
427,45,129.12,155.83,42.84,130.37,1,-1,-1,-1
427,48,442.86,27.15,132.12,398.74,1,-1,-1,-1
427,43,169.44,121.56,61.41,185.76,1,-1,-1,-1
428,34,174.86,149.25,44.23,134.57,1,-1,-1,-1
428,45,127.77,159.19,40.16,122.25,1,-1,-1,-1
428,48,423.48,26.76,129.84,391.80,1,-1,-1,-1
429,34,171.93,152.94,42.63,129.75,1,-1,-1,-1
429,45,122.02,156.56,41.14,125.26,1,-1,-1,-1
429,48,410.84,39.56,117.80,355.48,1,-1,-1,-1
430,34,166.96,149.49,44.08,134.15,1,-1,-1,-1
430,45,114.36,155.64,41.49,126.33,1,-1,-1,-1
430,48,402.31,42.35,108.06,326.11,1,-1,-1,-1
430,43,157.81,108.39,63.60,192.44,1,-1,-1,-1
431,34,163.59,153.07,42.60,129.68,1,-1,-1,-1
431,45,110.87,150.44,43.66,132.94,1,-1,-1,-1
431,48,388.21,45.41,110.05,332.08,1,-1,-1,-1
432,34,162.51,154.50,42.04,127.98,1,-1,-1,-1
432,45,103.68,148.53,44.47,135.40,1,-1,-1,-1
432,48,368.27,46.42,110.75,334.19,1,-1,-1,-1
433,34,160.30,153.47,39.94,121.63,1,-1,-1,-1
433,45,101.07,147.83,44.79,136.37,1,-1,-1,-1
433,48,344.96,58.92,106.01,319.93,1,-1,-1,-1
434,34,155.83,154.68,41.10,125.16,1,-1,-1,-1
434,45,95.79,152.41,42.92,130.67,1,-1,-1,-1
434,48,322.41,63.51,104.35,314.92,1,-1,-1,-1
435,34,149.47,150.26,43.53,132.56,1,-1,-1,-1
435,45,94.00,154.23,42.19,128.47,1,-1,-1,-1
436,34,147.18,142.65,44.44,135.33,1,-1,-1,-1
436,45,91.89,150.02,43.95,133.85,1,-1,-1,-1
437,34,145.62,144.87,42.81,130.39,1,-1,-1,-1
437,45,91.20,148.50,44.60,135.82,1,-1,-1,-1
438,34,145.22,145.81,42.17,128.45,1,-1,-1,-1
438,45,87.04,147.10,42.86,130.53,1,-1,-1,-1
439,34,139.48,146.19,41.94,127.74,1,-1,-1,-1
439,45,83.62,141.30,44.21,134.64,1,-1,-1,-1
441,48,270.03,47.18,111.66,336.96,1,-1,-1,-1
442,48,270.25,58.09,107.20,323.52,1,-1,-1,-1
443,48,268.68,50.00,110.61,333.79,1,-1,-1,-1
443,56,367.49,167.83,47.04,143.21,1,-1,-1,-1
444,48,253.47,47.08,111.83,337.48,1,-1,-1,-1
444,56,358.80,156.90,51.68,157.33,1,-1,-1,-1
444,57,512.07,80.92,98.90,298.71,1,-1,-1,-1
444,43,144.48,152.31,39.65,120.20,1,-1,-1,-1
445,48,250.84,57.83,107.35,323.97,1,-1,-1,-1
445,56,354.39,144.47,54.04,164.50,1,-1,-1,-1
445,57,517.31,74.22,106.21,320.81,1,-1,-1,-1
445,43,144.62,153.36,39.01,118.42,1,-1,-1,-1
446,48,247.38,50.02,110.60,333.78,1,-1,-1,-1
446,56,352.54,146.31,55.03,167.50,1,-1,-1,-1
446,57,511.52,80.98,105.31,318.08,1,-1,-1,-1
446,43,144.55,153.82,38.72,117.67,1,-1,-1,-1
446,34,96.38,146.42,41.88,127.59,1,-1,-1,-1
447,48,242.11,33.45,117.06,353.26,1,-1,-1,-1
447,56,351.81,147.08,55.42,168.67,1,-1,-1,-1
447,57,487.38,80.25,100.42,303.31,1,-1,-1,-1
447,43,145.83,155.51,40.68,123.67,1,-1,-1,-1
447,34,100.76,150.86,39.92,121.66,1,-1,-1,-1
448,48,244.38,40.71,114.31,344.94,1,-1,-1,-1
448,56,344.40,138.65,58.13,176.88,1,-1,-1,-1
448,57,477.90,79.95,98.49,297.48,1,-1,-1,-1
448,43,145.09,154.44,39.45,119.99,1,-1,-1,-1
448,34,102.28,152.34,39.26,119.68,1,-1,-1,-1
449,48,245.75,43.77,113.14,341.41,1,-1,-1,-1
449,56,349.26,135.45,59.17,180.01,1,-1,-1,-1
449,57,482.84,83.55,102.38,309.21,1,-1,-1,-1
449,43,150.39,153.90,39.01,118.71,1,-1,-1,-1
449,34,102.95,152.87,39.03,118.98,1,-1,-1,-1
450,48,249.42,56.92,107.69,325.00,1,-1,-1,-1
450,56,350.75,132.04,62.31,189.53,1,-1,-1,-1
450,57,484.69,84.88,103.82,313.55,1,-1,-1,-1
450,43,157.78,153.65,38.87,118.34,1,-1,-1,-1
450,34,114.01,153.06,38.95,118.76,1,-1,-1,-1
451,48,251.13,62.00,105.59,318.66,1,-1,-1,-1
451,57,499.16,85.39,104.37,315.22,1,-1,-1,-1
451,43,162.42,155.10,40.77,124.13,1,-1,-1,-1
451,34,118.24,158.45,38.93,118.70,1,-1,-1,-1
452,48,251.92,63.84,104.82,316.36,1,-1,-1,-1
452,57,504.77,85.57,104.58,315.84,1,-1,-1,-1
452,43,169.73,155.60,41.46,126.25,1,-1,-1,-1
452,34,125.61,156.68,40.81,124.43,1,-1,-1,-1
453,48,249.40,52.42,109.58,330.70,1,-1,-1,-1
453,57,506.91,85.62,104.65,316.04,1,-1,-1,-1
453,43,180.71,154.20,39.85,121.38,1,-1,-1,-1
453,34,138.36,154.48,39.66,120.95,1,-1,-1,-1
454,48,248.55,48.22,111.33,335.99,1,-1,-1,-1
454,57,507.70,85.63,104.67,316.08,1,-1,-1,-1
454,43,190.17,159.00,39.23,119.53,1,-1,-1,-1
454,34,148.68,153.59,39.21,119.57,1,-1,-1,-1
455,48,265.09,58.46,107.06,323.11,1,-1,-1,-1
455,57,507.98,85.62,104.66,316.07,1,-1,-1,-1
455,43,197.00,156.93,40.91,124.66,1,-1,-1,-1
455,34,157.77,153.24,39.04,119.06,1,-1,-1,-1
456,48,269.74,50.39,110.42,333.25,1,-1,-1,-1
456,57,502.22,74.72,109.61,330.98,1,-1,-1,-1
456,43,206.46,159.86,39.67,120.89,1,-1,-1,-1
456,34,166.36,158.43,38.98,118.89,1,-1,-1,-1
457,48,271.45,62.27,111.64,336.93,1,-1,-1,-1
457,57,519.42,81.34,106.59,321.85,1,-1,-1,-1
457,43,215.23,160.96,39.18,119.43,1,-1,-1,-1
457,34,174.76,160.36,38.96,118.84,1,-1,-1,-1
458,48,269.00,54.14,117.40,354.29,1,-1,-1,-1
458,57,521.37,73.06,110.33,333.14,1,-1,-1,-1
458,43,218.27,161.33,39.01,118.92,1,-1,-1,-1
459,48,283.73,51.07,119.56,360.80,1,-1,-1,-1
459,57,513.12,80.77,106.82,322.53,1,-1,-1,-1
459,43,223.82,163.37,40.84,124.49,1,-1,-1,-1
460,48,286.23,52.13,126.00,380.18,1,-1,-1,-1
460,57,509.78,83.85,105.40,318.25,1,-1,-1,-1
460,43,231.66,167.42,39.66,120.93,1,-1,-1,-1
461,48,292.41,48.24,117.71,355.19,1,-1,-1,-1
461,57,508.51,84.99,104.86,316.63,1,-1,-1,-1
461,43,239.75,163.61,39.20,119.53,1,-1,-1,-1
462,48,295.75,58.75,109.19,329.50,1,-1,-1,-1
462,57,502.16,74.44,109.65,331.07,1,-1,-1,-1
462,43,242.55,162.15,39.03,119.03,1,-1,-1,-1
462,60,415.02,188.03,43.78,133.27,1,-1,-1,-1
463,48,293.84,52.62,116.60,351.84,1,-1,-1,-1
463,57,505.56,81.29,106.53,321.65,1,-1,-1,-1
463,43,243.44,163.51,40.85,124.58,1,-1,-1,-1
463,60,414.74,196.52,44.43,135.27,1,-1,-1,-1
464,48,293.19,50.49,119.17,359.58,1,-1,-1,-1
464,57,501.04,88.06,110.28,332.94,1,-1,-1,-1
464,43,243.59,162.10,39.68,121.02,1,-1,-1,-1
465,48,294.90,47.55,114.89,346.66,1,-1,-1,-1
465,57,491.08,78.98,116.91,352.95,1,-1,-1,-1
465,43,243.36,161.51,39.22,119.62,1,-1,-1,-1
466,48,293.42,48.60,118.55,357.68,1,-1,-1,-1
466,57,487.62,83.01,109.41,330.31,1,-1,-1,-1
466,43,243.12,161.28,39.04,119.10,1,-1,-1,-1
466,60,407.05,202.22,44.86,136.57,1,-1,-1,-1
467,48,289.53,51.27,125.54,378.74,1,-1,-1,-1
467,57,469.76,76.85,116.73,352.36,1,-1,-1,-1
467,43,242.88,161.18,38.98,118.92,1,-1,-1,-1
468,48,275.72,50.05,122.61,369.92,1,-1,-1,-1
468,57,458.09,71.52,114.13,344.52,1,-1,-1,-1
468,43,242.67,161.13,38.96,118.86,1,-1,-1,-1
469,48,265.65,34.76,127.07,383.34,1,-1,-1,-1
469,57,468.56,69.42,113.04,341.20,1,-1,-1,-1
470,48,266.36,27.95,123.10,371.37,1,-1,-1,-1
470,57,465.57,79.61,107.63,324.88,1,-1,-1,-1
470,43,242.61,156.66,41.18,125.63,1,-1,-1,-1
471,48,266.74,25.37,121.47,366.44,1,-1,-1,-1
471,57,464.58,83.55,105.54,318.57,1,-1,-1,-1
472,48,262.42,25.64,126.57,381.80,1,-1,-1,-1
472,57,441.20,73.89,109.83,331.51,1,-1,-1,-1
473,48,260.84,25.78,128.45,387.44,1,-1,-1,-1
473,57,434.97,90.40,101.86,307.47,1,-1,-1,-1
474,48,260.30,25.92,129.14,389.52,1,-1,-1,-1
474,57,429.70,111.65,90.06,271.90,1,-1,-1,-1
475,48,277.16,26.05,129.37,390.19,1,-1,-1,-1
476,48,278.87,27.39,135.50,408.67,1,-1,-1,-1
476,57,446.86,77.82,107.51,324.57,1,-1,-1,-1
477,48,287.50,25.59,126.22,380.68,1,-1,-1,-1
477,57,450.20,70.55,111.35,336.15,1,-1,-1,-1
478,48,282.62,27.38,134.42,405.38,1,-1,-1,-1
478,57,451.69,67.79,112.79,340.50,1,-1,-1,-1
479,48,285.60,26.80,131.34,396.08,1,-1,-1,-1
479,57,446.41,77.59,108.39,327.21,1,-1,-1,-1
480,48,274.11,25.48,124.32,374.91,1,-1,-1,-1
480,57,444.41,81.71,106.51,321.53,1,-1,-1,-1
480,61,529.61,67.43,103.15,311.44,1,-1,-1,-1
481,48,265.08,26.19,127.43,384.29,1,-1,-1,-1
481,57,429.79,83.37,105.74,319.21,1,-1,-1,-1
481,61,517.35,65.70,103.94,313.81,1,-1,-1,-1
482,48,261.86,26.47,128.55,387.65,1,-1,-1,-1
482,57,429.44,73.15,110.36,333.15,1,-1,-1,-1
482,61,519.69,67.66,109.07,329.28,1,-1,-1,-1
483,48,268.30,39.27,117.94,355.68,1,-1,-1,-1
483,57,429.37,84.02,112.06,338.28,1,-1,-1,-1
483,61,506.36,68.45,111.11,335.44,1,-1,-1,-1
484,48,255.47,44.32,113.76,343.12,1,-1,-1,-1
484,57,414.75,88.40,112.66,340.09,1,-1,-1,-1
484,61,501.08,68.76,111.91,337.85,1,-1,-1,-1
485,48,246.64,48.28,117.80,355.30,1,-1,-1,-1
485,57,409.20,90.15,112.83,340.59,1,-1,-1,-1
485,61,499.06,68.88,112.21,338.74,1,-1,-1,-1
486,48,247.75,47.51,113.91,343.58,1,-1,-1,-1
486,57,394.62,79.24,118.13,356.54,1,-1,-1,-1
486,61,490.41,79.64,107.43,324.32,1,-1,-1,-1
487,48,244.07,49.31,117.89,355.59,1,-1,-1,-1
487,57,387.03,86.56,114.90,346.80,1,-1,-1,-1
487,61,487.13,83.82,105.55,318.65,1,-1,-1,-1
488,48,235.99,45.79,109.05,328.94,1,-1,-1,-1
488,57,384.30,89.57,113.51,342.60,1,-1,-1,-1
488,61,485.98,85.33,104.85,316.55,1,-1,-1,-1
489,48,233.03,44.31,105.61,318.59,1,-1,-1,-1
489,57,389.58,96.00,103.33,311.90,1,-1,-1,-1
489,61,478.78,89.86,109.57,330.78,1,-1,-1,-1
490,48,232.10,43.75,104.43,315.07,1,-1,-1,-1
490,57,371.38,80.92,114.80,346.49,1,-1,-1,-1
490,61,469.19,87.58,106.44,321.33,1,-1,-1,-1
491,48,234.67,54.93,99.31,299.65,1,-1,-1,-1
491,57,364.00,87.17,113.52,342.62,1,-1,-1,-1
491,61,457.68,90.61,110.18,332.62,1,-1,-1,-1
492,57,369.38,95.06,103.34,311.92,1,-1,-1,-1
492,61,453.52,76.97,111.56,336.77,1,-1,-1,-1
493,57,361.42,103.02,104.10,314.24,1,-1,-1,-1
493,61,446.05,82.47,107.16,323.49,1,-1,-1,-1
494,57,360.82,95.76,109.39,330.19,1,-1,-1,-1
494,61,443.39,84.61,105.42,318.25,1,-1,-1,-1
495,57,372.40,89.11,106.43,321.27,1,-1,-1,-1
495,61,442.56,85.38,104.79,316.33,1,-1,-1,-1
495,48,219.62,28.08,117.91,355.75,1,-1,-1,-1
496,57,380.35,90.51,110.26,332.81,1,-1,-1,-1
496,61,442.41,85.64,104.55,315.63,1,-1,-1,-1
496,48,223.23,23.82,115.02,347.04,1,-1,-1,-1
497,57,380.27,100.87,106.74,322.18,1,-1,-1,-1
497,61,448.62,74.73,109.48,330.48,1,-1,-1,-1
497,48,224.87,22.33,113.75,343.21,1,-1,-1,-1
498,57,383.43,94.90,110.36,333.10,1,-1,-1,-1
498,61,450.98,70.68,111.30,335.99,1,-1,-1,-1
498,48,229.48,20.91,108.27,326.68,1,-1,-1,-1
499,57,370.97,81.10,116.96,352.99,1,-1,-1,-1
499,61,452.00,69.14,112.00,338.08,1,-1,-1,-1
500,57,376.68,83.38,109.41,330.24,1,-1,-1,-1
500,61,460.26,79.44,107.31,323.94,1,-1,-1,-1
501,57,368.28,76.57,116.74,352.32,1,-1,-1,-1
501,61,455.59,72.41,110.51,333.58,1,-1,-1,-1
501,48,200.50,26.38,133.70,403.36,1,-1,-1,-1
502,57,378.76,85.60,114.13,344.46,1,-1,-1,-1
502,61,459.30,73.05,116.96,353.02,1,-1,-1,-1
502,48,186.30,28.84,143.71,433.50,1,-1,-1,-1
503,57,383.06,89.30,113.03,341.14,1,-1,-1,-1
503,61,463.08,80.83,109.34,330.04,1,-1,-1,-1
504,57,381.62,86.71,107.62,324.80,1,-1,-1,-1
504,61,471.85,72.91,111.24,335.77,1,-1,-1,-1
505,57,381.09,85.73,105.53,318.51,1,-1,-1,-1
505,61,475.00,70.06,111.92,337.82,1,-1,-1,-1
506,57,380.90,85.39,104.77,316.23,1,-1,-1,-1
506,61,476.16,69.00,112.17,338.57,1,-1,-1,-1
507,57,380.85,85.28,104.50,315.44,1,-1,-1,-1
507,61,476.56,68.63,112.26,338.81,1,-1,-1,-1
508,57,383.96,74.22,109.44,330.33,1,-1,-1,-1
508,61,476.67,68.52,112.27,338.86,1,-1,-1,-1
509,57,382.06,80.96,106.35,321.01,1,-1,-1,-1
509,61,476.67,68.51,112.27,338.85,1,-1,-1,-1
510,57,386.68,75.91,115.53,348.71,1,-1,-1,-1
510,61,476.64,68.53,112.26,338.81,1,-1,-1,-1
511,57,383.18,81.59,108.84,328.52,1,-1,-1,-1
511,61,476.59,68.56,112.25,338.77,1,-1,-1,-1
512,57,384.85,88.06,111.08,335.26,1,-1,-1,-1
512,61,476.55,68.60,112.24,338.73,1,-1,-1,-1
513,61,483.36,79.57,107.25,323.69,1,-1,-1,-1
514,61,485.93,83.78,105.33,317.91,1,-1,-1,-1
515,61,486.82,85.29,104.64,315.85,1,-1,-1,-1
516,61,495.27,89.85,109.44,330.33,1,-1,-1,-1
516,48,100.33,79.79,98.66,297.68,1,-1,-1,-1
517,61,498.34,91.50,111.21,335.67,1,-1,-1,-1
517,48,114.26,80.59,97.22,293.40,1,-1,-1,-1
518,48,116.80,81.08,96.68,291.81,1,-1,-1,-1
519,48,123.73,70.32,101.51,306.39,1,-1,-1,-1
521,65,183.31,6.57,146.30,440.86,1,-1,-1,-1
522,65,190.40,19.04,141.84,427.43,1,-1,-1,-1
523,65,194.08,25.51,139.53,420.47,1,-1,-1,-1
524,65,204.61,9.97,145.08,437.21,1,-1,-1,-1
525,65,207.84,20.79,134.84,406.34,1,-1,-1,-1
525,48,128.35,80.17,80.33,242.58,1,-1,-1,-1
526,65,209.78,7.79,143.56,432.64,1,-1,-1,-1
526,48,143.31,75.98,87.93,265.55,1,-1,-1,-1
527,65,210.47,3.21,146.64,441.92,1,-1,-1,-1
527,48,147.10,74.96,89.68,270.86,1,-1,-1,-1
528,65,210.68,1.43,147.85,445.54,1,-1,-1,-1
528,48,153.31,82.71,86.30,260.70,1,-1,-1,-1
529,65,230.13,0.78,148.30,446.90,1,-1,-1,-1
529,48,163.08,89.88,89.18,269.42,1,-1,-1,-1
529,66,129.16,160.15,47.59,144.76,1,-1,-1,-1
530,65,237.54,0.57,148.45,447.37,1,-1,-1,-1
530,48,170.52,99.70,86.17,260.36,1,-1,-1,-1
530,66,122.44,159.70,49.91,151.80,1,-1,-1,-1
530,57,381.11,106.51,104.66,315.90,1,-1,-1,-1
531,65,229.77,18.77,141.98,427.86,1,-1,-1,-1
531,48,173.17,103.38,85.03,256.94,1,-1,-1,-1
531,66,112.50,159.47,51.08,155.36,1,-1,-1,-1
531,57,380.99,106.85,104.50,315.43,1,-1,-1,-1
532,65,233.97,24.57,133.25,401.59,1,-1,-1,-1
532,66,101.72,159.37,51.56,156.82,1,-1,-1,-1
532,57,380.95,106.97,104.44,315.26,1,-1,-1,-1
533,65,227.92,27.95,136.32,410.85,1,-1,-1,-1
533,66,87.40,152.12,54.14,164.65,1,-1,-1,-1
533,57,368.93,96.91,109.47,330.45,1,-1,-1,-1
534,65,216.60,10.70,144.01,434.01,1,-1,-1,-1
534,66,70.19,148.36,57.67,175.37,1,-1,-1,-1
534,57,359.58,98.42,101.78,307.27,1,-1,-1,-1
535,65,212.34,4.23,146.89,442.68,1,-1,-1,-1
535,66,49.90,137.10,61.76,187.75,1,-1,-1,-1
535,57,356.00,99.06,98.70,297.97,1,-1,-1,-1
536,65,210.68,1.72,148.00,446.03,1,-1,-1,-1
536,66,34.98,129.78,66.26,201.38,1,-1,-1,-1
536,57,344.55,93.87,107.51,324.55,1,-1,-1,-1
536,67,423.24,85.45,104.56,315.68,1,-1,-1,-1
536,68,121.88,129.25,56.72,172.08,1,-1,-1,-1
537,65,210.05,0.80,148.41,447.25,1,-1,-1,-1
537,66,21.07,113.86,71.13,216.13,1,-1,-1,-1
537,57,340.52,92.05,110.61,333.90,1,-1,-1,-1
537,67,423.24,85.45,104.56,315.68,1,-1,-1,-1
537,68,119.18,134.31,53.98,163.78,1,-1,-1,-1
538,65,209.83,0.50,148.54,447.64,1,-1,-1,-1
538,66,6.36,106.52,79.91,242.72,1,-1,-1,-1
538,57,339.10,91.37,111.82,337.55,1,-1,-1,-1
538,67,423.24,85.45,104.56,315.68,1,-1,-1,-1
538,68,117.78,136.92,52.57,159.49,1,-1,-1,-1
539,65,209.77,0.43,148.56,447.72,1,-1,-1,-1
539,66,0.53,113.77,76.68,232.84,1,-1,-1,-1
539,57,337.65,87.18,107.33,324.00,1,-1,-1,-1
539,67,428.19,74.81,109.40,330.27,1,-1,-1,-1
539,68,118.58,138.36,49.73,150.90,1,-1,-1,-1
540,65,198.60,-20.60,155.57,468.82,1,-1,-1,-1
540,57,338.38,89.65,110.58,333.80,1,-1,-1,-1
540,67,430.07,70.77,111.24,335.82,1,-1,-1,-1
540,68,117.53,138.44,51.00,154.75,1,-1,-1,-1
541,65,221.49,-7.75,138.84,418.43,1,-1,-1,-1
541,57,337.63,100.41,106.83,322.49,1,-1,-1,-1
541,67,439.40,79.83,107.12,323.38,1,-1,-1,-1
541,68,117.16,138.47,51.45,156.14,1,-1,-1,-1
541,69,105.50,78.63,73.64,222.93,1,-1,-1,-1
542,65,230.95,-2.24,131.93,397.61,1,-1,-1,-1
542,57,338.60,94.61,110.37,333.17,1,-1,-1,-1
542,67,449.11,72.57,110.42,333.35,1,-1,-1,-1
542,68,123.94,138.46,51.64,156.71,1,-1,-1,-1
542,69,113.83,85.29,73.64,222.93,1,-1,-1,-1
543,65,227.51,-0.27,149.91,451.79,1,-1,-1,-1
543,67,452.66,69.90,111.64,337.02,1,-1,-1,-1
543,68,125.08,137.48,54.17,164.41,1,-1,-1,-1
544,65,235.81,0.40,149.25,449.81,1,-1,-1,-1
544,67,459.33,72.05,117.34,354.21,1,-1,-1,-1
544,68,118.19,137.10,55.12,167.30,1,-1,-1,-1
544,70,181.98,148.77,51.08,155.22,1,-1,-1,-1
545,65,250.40,0.70,155.91,469.85,1,-1,-1,-1
545,67,461.81,72.89,119.50,360.71,1,-1,-1,-1
545,68,112.89,127.52,58.10,176.33,1,-1,-1,-1
545,70,185.41,148.75,49.52,150.48,1,-1,-1,-1
546,65,255.85,0.81,158.40,477.34,1,-1,-1,-1
546,67,471.97,70.11,115.10,347.43,1,-1,-1,-1
546,68,110.88,123.88,59.23,179.75,1,-1,-1,-1
546,70,189.03,148.77,50.93,154.75,1,-1,-1,-1
547,65,269.79,-21.40,166.75,502.46,1,-1,-1,-1
547,67,471.03,58.54,124.36,375.36,1,-1,-1,-1
547,68,110.11,122.47,59.66,181.04,1,-1,-1,-1
547,70,191.93,141.10,53.87,163.68,1,-1,-1,-1
548,65,283.75,-28.40,162.57,489.87,1,-1,-1,-1
548,67,487.24,54.35,127.73,385.50,1,-1,-1,-1
548,70,194.12,136.64,57.54,174.83,1,-1,-1,-1
548,69,112.75,110.24,69.12,209.23,1,-1,-1,-1
549,65,280.15,-32.58,168.28,507.05,1,-1,-1,-1
549,67,493.60,52.75,129.02,389.37,1,-1,-1,-1
549,70,201.02,136.40,56.45,171.52,1,-1,-1,-1
549,69,106.62,82.33,79.91,241.89,1,-1,-1,-1
549,68,109.82,122.00,59.74,181.28,1,-1,-1,-1
550,65,278.70,-34.08,170.38,513.36,1,-1,-1,-1
550,67,500.86,36.59,135.48,408.81,1,-1,-1,-1
550,70,197.56,126.96,58.59,177.99,1,-1,-1,-1
550,68,102.10,106.14,65.64,199.16,1,-1,-1,-1
551,65,286.79,-33.07,163.70,493.23,1,-1,-1,-1
551,67,508.52,43.65,126.46,381.58,1,-1,-1,-1
551,70,196.85,112.36,62.14,188.75,1,-1,-1,-1
551,68,94.40,95.62,70.83,214.85,1,-1,-1,-1
552,65,280.71,-34.04,168.56,507.85,1,-1,-1,-1
552,67,518.71,44.59,117.27,353.87,1,-1,-1,-1
552,70,196.61,111.46,66.43,201.74,1,-1,-1,-1
552,68,87.58,96.51,69.75,211.55,1,-1,-1,-1
553,65,278.41,-34.35,170.33,513.15,1,-1,-1,-1
553,67,531.15,47.26,119.28,359.90,1,-1,-1,-1
553,70,196.44,114.65,65.21,198.00,1,-1,-1,-1
553,68,79.11,91.88,72.47,219.76,1,-1,-1,-1
554,65,277.39,-34.39,170.95,515.02,1,-1,-1,-1
554,70,187.93,116.09,64.65,196.30,1,-1,-1,-1
554,68,61.12,87.71,80.53,244.15,1,-1,-1,-1
555,65,276.89,-34.32,171.13,515.55,1,-1,-1,-1
555,70,184.09,113.11,67.42,204.65,1,-1,-1,-1
555,68,54.25,86.13,83.63,253.47,1,-1,-1,-1
556,65,276.61,-34.22,171.15,515.58,1,-1,-1,-1
556,70,171.86,107.59,71.62,217.37,1,-1,-1,-1
556,68,40.74,85.60,84.85,257.10,1,-1,-1,-1
557,65,276.43,-34.12,171.11,515.44,1,-1,-1,-1
557,70,160.90,104.46,80.21,243.35,1,-1,-1,-1
557,68,24.55,85.48,85.28,258.35,1,-1,-1,-1
558,65,285.24,-32.52,163.52,492.61,1,-1,-1,-1
558,70,156.62,92.64,83.57,253.46,1,-1,-1,-1
558,68,18.37,85.52,85.40,258.66,1,-1,-1,-1
559,65,288.54,-31.83,160.55,483.65,1,-1,-1,-1
559,70,154.95,87.82,84.89,257.41,1,-1,-1,-1
559,68,16.98,77.71,89.34,270.55,1,-1,-1,-1
560,65,289.66,-31.55,159.46,480.36,1,-1,-1,-1
560,70,149.73,78.22,89.24,270.52,1,-1,-1,-1
560,68,4.85,65.57,95.00,287.62,1,-1,-1,-1
561,65,280.93,-32.94,166.68,502.10,1,-1,-1,-1
561,70,136.14,74.54,90.91,275.51,1,-1,-1,-1
562,65,277.67,-33.44,169.34,510.12,1,-1,-1,-1
562,69,111.21,74.74,90.54,273.99,1,-1,-1,-1
563,65,276.36,-33.60,170.35,513.15,1,-1,-1,-1
563,69,98.34,55.75,104.89,317.29,1,-1,-1,-1
564,65,264.65,-59.37,178.76,538.45,1,-1,-1,-1
564,69,93.87,49.15,109.92,332.39,1,-1,-1,-1
565,65,260.25,-69.04,181.90,547.90,1,-1,-1,-1
565,69,92.03,46.48,111.95,338.44,1,-1,-1,-1
566,65,258.56,-72.70,183.07,551.41,1,-1,-1,-1
566,69,66.77,33.20,123.37,372.84,1,-1,-1,-1
567,65,246.71,-48.39,175.46,528.48,1,-1,-1,-1
567,69,57.09,28.13,127.76,385.99,1,-1,-1,-1
568,69,39.30,9.77,141.58,427.64,1,-1,-1,-1
568,71,413.40,57.33,100.40,303.26,1,-1,-1,-1
569,71,413.37,39.52,111.34,336.29,1,-1,-1,-1
570,71,415.55,31.60,122.10,368.78,1,-1,-1,-1
571,71,429.14,27.23,121.29,366.31,1,-1,-1,-1
572,71,440.70,10.04,132.29,399.51,1,-1,-1,-1
573,71,446.42,3.54,142.65,430.72,1,-1,-1,-1
580,71,500.49,55.65,110.21,332.78,1,-1,-1,-1
581,71,491.50,63.19,105.40,318.23,1,-1,-1,-1
582,71,489.41,65.35,104.03,314.10,1,-1,-1,-1
582,72,215.35,155.34,41.87,127.61,1,-1,-1,-1
583,71,488.57,80.37,103.62,312.88,1,-1,-1,-1
583,72,216.68,157.15,45.38,138.28,1,-1,-1,-1
584,72,210.65,161.32,43.30,131.96,1,-1,-1,-1
585,72,202.38,153.29,46.46,141.58,1,-1,-1,-1
586,72,199.34,156.54,47.63,145.12,1,-1,-1,-1
587,72,193.72,151.60,50.30,153.26,1,-1,-1,-1
588,72,184.89,149.68,51.34,156.39,1,-1,-1,-1
589,72,160.75,148.49,54.13,164.85,1,-1,-1,-1
590,72,142.81,139.36,57.74,175.79,1,-1,-1,-1
591,72,125.51,133.63,61.85,188.26,1,-1,-1,-1
592,72,106.57,128.50,66.36,201.91,1,-1,-1,-1
593,70,78.90,130.64,64.12,194.32,1,-1,-1,-1
594,70,64.14,123.06,71.37,216.24,1,-1,-1,-1
595,70,52.79,116.62,76.45,231.57,1,-1,-1,-1
596,70,37.99,114.12,78.40,237.42,1,-1,-1,-1
597,70,22.58,107.08,82.92,251.05,1,-1,-1,-1
598,70,5.76,104.44,84.60,256.09,1,-1,-1,-1
599,70,-0.46,103.48,85.19,257.84,1,-1,-1,-1
600,73,160.24,150.09,49.82,151.39,1,-1,-1,-1
601,73,162.27,153.04,45.42,138.03,1,-1,-1,-1
602,73,159.00,149.83,45.08,137.01,1,-1,-1,-1
603,73,157.76,154.62,44.96,136.65,1,-1,-1,-1
604,73,151.77,150.88,47.05,143.01,1,-1,-1,-1
607,73,130.31,130.42,64.86,197.09,1,-1,-1,-1
608,73,127.02,127.25,67.64,205.49,1,-1,-1,-1
611,73,101.58,115.48,76.97,233.73,1,-1,-1,-1
612,73,91.08,107.96,81.95,248.75,1,-1,-1,-1
613,73,79.48,98.23,87.66,265.98,1,-1,-1,-1
614,73,63.46,94.41,89.92,272.72,1,-1,-1,-1
614,74,189.63,103.89,84.74,256.23,1,-1,-1,-1
615,74,186.94,97.76,88.15,266.53,1,-1,-1,-1
616,74,185.57,94.63,89.89,271.78,1,-1,-1,-1
617,74,185.01,93.36,90.60,273.92,1,-1,-1,-1
618,74,176.89,99.93,86.95,262.89,1,-1,-1,-1
618,75,127.07,138.89,48.25,146.74,1,-1,-1,-1
619,74,169.75,95.31,89.51,270.64,1,-1,-1,-1
619,75,117.18,138.89,48.25,146.74,1,-1,-1,-1
620,74,167.14,93.61,90.46,273.49,1,-1,-1,-1
620,75,103.71,138.48,50.44,153.40,1,-1,-1,-1
621,74,166.17,92.97,90.82,274.56,1,-1,-1,-1
621,75,95.55,137.38,53.67,163.23,1,-1,-1,-1
621,76,241.02,98.38,80.14,242.45,1,-1,-1,-1
622,74,169.79,99.90,86.97,262.92,1,-1,-1,-1
622,75,92.39,144.07,54.94,167.06,1,-1,-1,-1
622,76,249.91,106.52,79.51,240.53,1,-1,-1,-1
623,74,167.24,107.53,89.52,270.65,1,-1,-1,-1
623,76,254.53,110.74,79.18,239.53,1,-1,-1,-1
624,74,166.33,110.30,90.46,273.46,1,-1,-1,-1
624,76,245.42,111.31,86.64,262.09,1,-1,-1,-1
625,74,169.98,117.71,86.81,262.45,1,-1,-1,-1
625,76,242.71,106.90,85.60,258.96,1,-1,-1,-1
626,74,175.35,106.13,93.84,283.67,1,-1,-1,-1
626,76,241.60,105.05,85.16,257.60,1,-1,-1,-1
627,74,173.52,104.81,88.24,266.74,1,-1,-1,-1
627,76,241.18,104.33,84.97,257.04,1,-1,-1,-1
628,74,181.03,96.89,90.00,272.05,1,-1,-1,-1
628,76,241.03,104.06,84.90,256.80,1,-1,-1,-1
629,74,179.48,98.35,94.93,286.95,1,-1,-1,-1
629,76,252.18,103.95,84.86,256.68,1,-1,-1,-1
630,74,197.23,101.76,88.62,267.88,1,-1,-1,-1
630,76,266.08,109.87,81.11,245.33,1,-1,-1,-1
631,74,204.36,114.69,86.02,260.03,1,-1,-1,-1
631,76,271.38,112.15,79.65,240.93,1,-1,-1,-1
632,74,204.47,112.84,89.18,269.56,1,-1,-1,-1
632,76,283.92,112.97,79.12,239.34,1,-1,-1,-1
633,74,218.74,113.28,82.58,249.64,1,-1,-1,-1
633,76,288.47,113.24,78.94,238.78,1,-1,-1,-1
633,77,32.57,32.57,156.87,472.57,1,-1,-1,-1
634,74,223.47,107.18,83.85,253.50,1,-1,-1,-1
634,76,300.66,113.32,78.88,238.61,1,-1,-1,-1
634,77,48.30,31.61,152.09,458.19,1,-1,-1,-1
635,74,236.40,111.07,80.52,243.44,1,-1,-1,-1
635,76,305.09,113.32,78.87,238.58,1,-1,-1,-1
636,74,241.10,112.55,79.27,239.68,1,-1,-1,-1
636,76,306.57,113.30,78.87,238.60,1,-1,-1,-1
637,74,242.62,113.06,78.85,238.41,1,-1,-1,-1
637,76,306.96,113.27,78.89,238.63,1,-1,-1,-1
637,77,66.20,-21.88,167.12,503.47,1,-1,-1,-1
638,74,243.01,113.23,78.72,238.03,1,-1,-1,-1
638,76,306.95,113.24,78.90,238.67,1,-1,-1,-1
638,77,86.79,-8.51,162.24,488.76,1,-1,-1,-1
639,74,242.98,113.27,78.70,237.98,1,-1,-1,-1
639,76,306.80,113.21,78.91,238.71,1,-1,-1,-1
640,74,231.45,107.18,82.52,249.53,1,-1,-1,-1
640,76,296.03,113.19,78.92,238.74,1,-1,-1,-1
641,74,227.14,104.94,83.94,253.81,1,-1,-1,-1
641,76,291.87,113.16,78.93,238.77,1,-1,-1,-1
642,74,226.03,114.92,77.26,233.66,1,-1,-1,-1
642,76,290.25,113.14,78.94,238.80,1,-1,-1,-1
643,74,213.19,119.29,82.14,248.41,1,-1,-1,-1
643,76,289.61,113.13,78.95,238.82,1,-1,-1,-1
644,74,208.75,120.80,83.83,253.50,1,-1,-1,-1
644,76,286.46,118.03,75.44,228.22,1,-1,-1,-1
645,74,208.50,116.08,80.75,244.21,1,-1,-1,-1
645,76,277.41,114.88,77.68,235.02,1,-1,-1,-1
646,74,209.13,119.15,75.99,229.83,1,-1,-1,-1
646,76,274.16,113.74,78.50,237.48,1,-1,-1,-1
646,77,86.08,26.12,139.62,420.65,1,-1,-1,-1
647,74,197.88,126.09,77.83,235.41,1,-1,-1,-1
647,76,268.10,122.09,72.04,217.97,1,-1,-1,-1
647,77,71.04,8.21,153.35,462.01,1,-1,-1,-1
648,74,193.93,128.52,78.49,237.40,1,-1,-1,-1
648,76,268.62,131.49,72.92,220.64,1,-1,-1,-1
648,77,67.00,3.40,157.01,473.03,1,-1,-1,-1
649,74,203.76,133.59,75.23,227.57,1,-1,-1,-1
649,76,268.83,134.75,73.23,221.60,1,-1,-1,-1
649,77,65.44,1.55,158.44,477.33,1,-1,-1,-1
650,74,206.91,141.24,67.53,204.30,1,-1,-1,-1
650,76,260.53,131.65,76.91,232.71,1,-1,-1,-1
650,77,64.87,0.87,158.97,478.94,1,-1,-1,-1
651,74,199.14,131.67,67.92,205.52,1,-1,-1,-1
651,76,256.03,124.88,74.81,226.37,1,-1,-1,-1
651,77,64.69,0.64,159.16,479.49,1,-1,-1,-1
652,74,196.54,128.43,68.07,205.98,1,-1,-1,-1
652,76,254.39,122.12,73.98,223.87,1,-1,-1,-1
652,77,64.65,0.59,159.21,479.65,1,-1,-1,-1
653,74,195.03,133.25,71.50,216.37,1,-1,-1,-1
653,76,251.82,134.30,70.38,212.99,1,-1,-1,-1
653,77,64.66,0.61,159.21,479.65,1,-1,-1,-1
654,74,195.11,138.24,69.51,210.37,1,-1,-1,-1
654,76,250.98,138.87,69.03,208.93,1,-1,-1,-1
654,77,61.85,0.64,152.15,458.40,1,-1,-1,-1
655,74,195.24,140.12,68.75,208.11,1,-1,-1,-1
655,76,250.75,140.47,68.56,207.54,1,-1,-1,-1
655,77,63.70,0.69,156.61,471.81,1,-1,-1,-1
656,74,194.73,137.45,71.82,217.39,1,-1,-1,-1
656,76,250.75,131.64,68.42,207.11,1,-1,-1,-1
656,77,64.38,0.72,158.22,476.66,1,-1,-1,-1
657,74,194.57,126.68,72.95,220.81,1,-1,-1,-1
657,76,260.13,128.31,68.39,207.03,1,-1,-1,-1
657,77,64.66,0.75,158.83,478.50,1,-1,-1,-1
658,74,194.55,122.49,73.39,222.15,1,-1,-1,-1
658,76,263.68,127.05,68.40,207.07,1,-1,-1,-1
658,77,64.78,0.78,159.05,479.16,1,-1,-1,-1
659,74,204.35,124.80,70.30,212.79,1,-1,-1,-1
659,76,274.29,126.58,68.42,207.15,1,-1,-1,-1
659,77,77.72,0.80,145.51,438.41,1,-1,-1,-1
660,74,194.58,122.16,79.82,241.60,1,-1,-1,-1
660,76,268.98,126.40,68.44,207.23,1,-1,-1,-1
660,77,82.76,19.90,140.24,422.53,1,-1,-1,-1
661,74,193.27,126.25,79.56,240.82,1,-1,-1,-1
661,76,269.66,122.40,71.76,217.27,1,-1,-1,-1
661,77,88.59,27.98,145.18,437.45,1,-1,-1,-1
662,74,192.79,127.98,79.41,240.34,1,-1,-1,-1
662,76,272.61,127.78,66.75,202.13,1,-1,-1,-1
662,77,90.63,30.82,146.96,442.81,1,-1,-1,-1
663,74,192.63,128.66,79.33,240.08,1,-1,-1,-1
663,76,272.78,133.90,59.10,179.00,1,-1,-1,-1
663,77,100.82,46.42,134.93,406.59,1,-1,-1,-1
664,74,192.60,128.91,79.28,239.92,1,-1,-1,-1
664,76,268.01,128.85,65.40,198.09,1,-1,-1,-1
664,77,77.18,16.54,150.86,454.59,1,-1,-1,-1
664,79,30.45,121.62,72.65,219.93,1,-1,-1,-1
665,74,201.68,123.79,82.98,251.10,1,-1,-1,-1
665,76,275.54,127.24,67.40,204.15,1,-1,-1,-1
665,77,85.69,25.74,149.34,450.00,1,-1,-1,-1
665,79,23.60,111.70,79.36,240.24,1,-1,-1,-1
665,80,216.62,136.28,56.37,171.15,1,-1,-1,-1
666,74,206.51,127.00,80.68,244.15,1,-1,-1,-1
666,76,274.79,129.61,65.17,197.42,1,-1,-1,-1
666,77,89.16,29.47,148.70,448.07,1,-1,-1,-1
666,79,9.69,106.74,82.72,250.40,1,-1,-1,-1
667,74,208.41,117.73,79.73,241.25,1,-1,-1,-1
667,76,278.24,127.47,67.40,204.17,1,-1,-1,-1
667,77,90.44,11.10,148.45,447.33,1,-1,-1,-1
667,79,-7.65,97.78,87.95,266.21,1,-1,-1,-1
667,80,224.19,136.62,55.80,169.42,1,-1,-1,-1
668,74,218.89,132.29,72.56,219.59,1,-1,-1,-1
668,76,279.48,126.69,68.21,206.63,1,-1,-1,-1
668,77,105.32,22.56,141.77,427.22,1,-1,-1,-1
669,74,221.53,131.58,66.60,201.59,1,-1,-1,-1
669,76,284.72,129.42,65.49,198.39,1,-1,-1,-1
669,77,96.23,8.22,145.93,439.74,1,-1,-1,-1
669,79,27.42,83.99,95.15,287.96,1,-1,-1,-1
670,74,223.73,128.11,67.71,204.96,1,-1,-1,-1
670,76,286.68,130.49,64.43,195.20,1,-1,-1,-1
670,77,112.57,3.07,147.43,444.27,1,-1,-1,-1
670,79,34.41,77.59,92.48,279.88,1,-1,-1,-1
671,74,229.49,140.45,62.09,187.99,1,-1,-1,-1
671,76,287.34,130.87,64.05,194.05,1,-1,-1,-1
671,77,113.47,19.49,141.45,426.26,1,-1,-1,-1
671,79,38.80,78.59,95.71,289.60,1,-1,-1,-1
672,74,234.01,143.38,63.01,190.80,1,-1,-1,-1
672,76,287.54,139.67,63.92,193.66,1,-1,-1,-1
672,77,113.65,25.90,139.14,419.33,1,-1,-1,-1
672,79,27.78,78.98,96.91,293.20,1,-1,-1,-1
673,74,241.29,146.07,60.43,183.02,1,-1,-1,-1
673,76,287.55,134.29,63.88,193.55,1,-1,-1,-1
673,77,113.62,28.23,138.32,416.86,1,-1,-1,-1
673,79,10.75,57.53,106.75,322.90,1,-1,-1,-1
674,74,239.95,133.15,65.66,198.85,1,-1,-1,-1
674,76,282.66,129.18,66.94,202.83,1,-1,-1,-1
674,77,125.88,27.81,131.85,397.37,1,-1,-1,-1
674,79,4.36,51.50,115.51,349.34,1,-1,-1,-1
675,74,237.61,131.68,64.45,195.20,1,-1,-1,-1
675,76,281.00,132.50,62.26,188.67,1,-1,-1,-1
675,77,117.81,28.85,135.76,409.16,1,-1,-1,-1
676,74,229.91,129.80,73.95,223.96,1,-1,-1,-1
676,76,276.28,131.52,63.31,191.85,1,-1,-1,-1
676,77,114.90,29.20,137.17,413.41,1,-1,-1,-1
676,80,238.10,147.54,55.58,168.74,1,-1,-1,-1
677,74,227.20,129.12,77.33,234.18,1,-1,-1,-1
677,76,274.60,131.17,63.68,192.99,1,-1,-1,-1
677,77,99.27,30.61,144.32,434.97,1,-1,-1,-1
677,80,238.78,148.14,55.57,168.71,1,-1,-1,-1
678,74,225.27,136.08,72.13,218.43,1,-1,-1,-1
678,76,273.98,131.04,63.83,193.45,1,-1,-1,-1
678,77,93.42,11.73,147.00,443.04,1,-1,-1,-1
679,74,225.24,131.42,76.79,232.52,1,-1,-1,-1
679,76,277.71,141.27,61.04,185.01,1,-1,-1,-1
679,77,91.16,23.81,148.03,446.14,1,-1,-1,-1
679,82,386.96,111.28,90.90,274.69,1,-1,-1,-1
679,80,239.10,148.40,55.57,168.70,1,-1,-1,-1
680,74,225.22,140.04,78.45,237.54,1,-1,-1,-1
680,76,275.14,143.46,62.89,190.61,1,-1,-1,-1
680,77,90.34,28.50,148.41,447.27,1,-1,-1,-1
680,82,382.09,116.73,87.49,264.39,1,-1,-1,-1
680,80,239.03,148.37,55.57,168.71,1,-1,-1,-1
681,74,223.18,142.78,69.45,210.31,1,-1,-1,-1
681,76,274.23,144.22,63.55,192.63,1,-1,-1,-1
681,77,90.07,30.28,148.53,447.62,1,-1,-1,-1
681,82,379.55,119.57,85.71,259.01,1,-1,-1,-1
682,74,214.13,141.32,68.89,208.62,1,-1,-1,-1
682,76,269.83,146.14,60.97,184.83,1,-1,-1,-1
682,77,90.02,30.93,148.55,447.69,1,-1,-1,-1
682,82,372.29,114.34,88.98,268.91,1,-1,-1,-1
683,74,217.22,144.97,62.73,189.99,1,-1,-1,-1
683,76,268.16,146.81,59.98,181.84,1,-1,-1,-1
683,77,90.04,31.15,148.54,447.66,1,-1,-1,-1
683,82,373.89,104.82,94.41,285.30,1,-1,-1,-1
684,76,271.71,136.60,62.52,189.52,1,-1,-1,-1
684,77,104.46,29.89,141.96,427.84,1,-1,-1,-1
684,82,370.26,108.64,92.34,279.04,1,-1,-1,-1
685,76,268.98,135.10,60.62,183.80,1,-1,-1,-1
685,77,110.03,29.37,139.42,420.17,1,-1,-1,-1
685,82,368.84,110.23,91.48,276.45,1,-1,-1,-1
686,76,267.94,134.53,59.89,181.57,1,-1,-1,-1
686,77,112.05,29.16,138.49,417.40,1,-1,-1,-1
686,82,368.33,110.84,91.15,275.44,1,-1,-1,-1
686,79,17.56,85.60,85.68,259.11,1,-1,-1,-1
687,76,267.58,134.33,59.62,180.79,1,-1,-1,-1
687,77,112.75,29.07,138.17,416.44,1,-1,-1,-1
687,82,368.17,111.08,91.02,275.05,1,-1,-1,-1
687,79,4.90,81.59,94.34,285.25,1,-1,-1,-1
688,76,263.10,135.85,56.86,172.42,1,-1,-1,-1
688,77,98.43,30.35,144.70,436.11,1,-1,-1,-1
688,74,209.25,132.00,63.86,193.45,1,-1,-1,-1
689,76,261.27,132.51,61.47,186.41,1,-1,-1,-1
689,77,107.36,29.52,140.63,423.84,1,-1,-1,-1
690,76,260.63,131.34,63.09,191.32,1,-1,-1,-1
690,77,96.35,30.50,145.65,438.96,1,-1,-1,-1
690,82,357.20,101.33,96.43,291.40,1,-1,-1,-1
691,76,260.43,130.90,63.73,193.24,1,-1,-1,-1
691,77,92.31,30.85,147.49,444.51,1,-1,-1,-1
691,82,355.59,99.80,97.28,293.95,1,-1,-1,-1
691,79,47.60,126.23,67.11,202.99,1,-1,-1,-1
692,76,260.40,130.75,63.97,193.96,1,-1,-1,-1
692,77,110.34,30.97,148.18,446.60,1,-1,-1,-1
692,82,355.03,99.27,97.58,294.84,1,-1,-1,-1
692,79,52.70,131.07,64.08,193.90,1,-1,-1,-1
693,76,256.95,132.96,61.22,185.65,1,-1,-1,-1
693,77,112.01,29.69,141.89,427.64,1,-1,-1,-1
693,82,357.72,89.91,102.27,309.00,1,-1,-1,-1
693,79,44.72,123.07,63.23,191.36,1,-1,-1,-1
694,76,255.67,125.73,60.15,182.40,1,-1,-1,-1
694,77,112.61,29.18,139.44,420.25,1,-1,-1,-1
694,82,355.95,95.45,99.51,300.64,1,-1,-1,-1
694,79,41.98,120.28,63.04,190.82,1,-1,-1,-1
695,76,258.95,125.21,57.07,173.10,1,-1,-1,-1
695,77,112.79,28.99,138.54,417.56,1,-1,-1,-1
695,79,33.21,115.35,66.30,200.70,1,-1,-1,-1
696,76,260.25,132.74,55.93,169.63,1,-1,-1,-1
696,77,118.17,30.25,144.86,436.58,1,-1,-1,-1
696,79,21.43,118.97,70.82,214.40,1,-1,-1,-1
697,76,265.17,133.87,58.24,176.65,1,-1,-1,-1
697,77,133.06,29.41,140.69,424.04,1,-1,-1,-1
697,79,7.29,115.42,76.02,230.13,1,-1,-1,-1
697,82,350.64,93.07,92.37,279.09,1,-1,-1,-1
698,76,266.95,134.28,59.08,179.21,1,-1,-1,-1
698,77,138.83,29.07,139.04,419.07,1,-1,-1,-1
698,82,339.94,97.50,95.74,289.26,1,-1,-1,-1
699,76,263.12,132.17,62.25,188.82,1,-1,-1,-1
699,77,140.86,28.94,138.43,417.25,1,-1,-1,-1
699,82,338.48,89.63,101.42,306.40,1,-1,-1,-1
700,77,148.16,30.22,144.84,436.54,1,-1,-1,-1
700,82,345.32,103.39,94.77,286.31,1,-1,-1,-1
701,77,144.26,29.39,140.72,424.14,1,-1,-1,-1
701,82,338.59,101.04,96.47,291.46,1,-1,-1,-1
702,77,142.53,29.05,139.08,419.20,1,-1,-1,-1
702,82,333.53,107.96,92.77,280.27,1,-1,-1,-1
702,79,9.48,146.14,54.15,164.02,1,-1,-1,-1
703,77,152.85,44.97,132.30,398.77,1,-1,-1,-1
703,79,10.11,156.62,49.23,149.18,1,-1,-1,-1
704,77,156.62,50.97,129.75,391.11,1,-1,-1,-1
705,77,146.69,36.84,135.11,407.28,1,-1,-1,-1
706,77,143.04,31.70,137.07,413.18,1,-1,-1,-1
706,84,66.16,103.89,84.74,256.23,1,-1,-1,-1
707,77,128.51,31.03,144.39,435.24,1,-1,-1,-1
707,84,50.33,97.76,88.15,266.53,1,-1,-1,-1
708,77,123.04,30.79,147.14,443.52,1,-1,-1,-1
708,84,42.25,94.63,89.89,271.78,1,-1,-1,-1
709,77,115.71,29.41,141.71,427.16,1,-1,-1,-1
709,84,28.16,85.04,94.75,286.47,1,-1,-1,-1
710,77,112.91,28.89,139.54,420.60,1,-1,-1,-1
710,84,10.29,81.33,96.63,292.15,1,-1,-1,-1
711,77,111.94,28.71,138.72,418.15,1,-1,-1,-1
712,77,118.13,42.34,126.51,381.38,1,-1,-1,-1
713,77,113.92,33.43,134.16,404.42,1,-1,-1,-1
714,77,112.48,30.40,136.76,412.25,1,-1,-1,-1
714,82,276.13,86.06,104.24,314.88,1,-1,-1,-1
714,84,14.55,94.65,81.47,246.31,1,-1,-1,-1
715,77,111.98,29.23,137.77,415.32,1,-1,-1,-1
715,84,15.87,84.96,79.39,240.03,1,-1,-1,-1
716,77,124.04,27.58,132.04,398.05,1,-1,-1,-1
716,84,16.99,86.11,82.63,249.85,1,-1,-1,-1
717,77,128.74,26.97,129.83,391.40,1,-1,-1,-1
717,84,17.40,86.52,83.78,253.33,1,-1,-1,-1
718,77,130.45,44.17,129.04,389.02,1,-1,-1,-1
718,84,6.28,69.04,92.63,280.04,1,-1,-1,-1
719,77,141.42,48.21,122.99,370.80,1,-1,-1,-1
719,84,2.19,75.16,95.89,289.89,1,-1,-1,-1
720,77,145.51,49.65,120.74,364.06,1,-1,-1,-1
720,84,0.65,67.77,101.71,307.44,1,-1,-1,-1
721,77,142.74,36.18,132.09,398.27,1,-1,-1,-1
721,84,0.09,62.23,99.47,300.65,1,-1,-1,-1
722,77,135.72,46.96,130.13,392.37,1,-1,-1,-1
722,84,0.02,51.05,108.01,326.40,1,-1,-1,-1
723,77,143.07,49.00,123.60,372.69,1,-1,-1,-1
723,84,-0.00,46.93,111.17,335.91,1,-1,-1,-1
724,77,145.84,49.71,121.12,365.21,1,-1,-1,-1
724,84,-16.52,33.08,123.06,371.79,1,-1,-1,-1
724,76,249.96,148.04,55.64,168.82,1,-1,-1,-1
725,77,142.64,36.07,132.30,398.93,1,-1,-1,-1
725,76,252.96,148.76,52.80,160.27,1,-1,-1,-1
726,77,145.47,44.48,124.74,376.16,1,-1,-1,-1
726,76,255.74,155.78,49.52,150.36,1,-1,-1,-1
727,77,146.55,47.96,121.62,366.76,1,-1,-1,-1
727,76,254.83,151.36,50.83,154.38,1,-1,-1,-1
728,77,146.90,49.22,120.50,363.38,1,-1,-1,-1
728,76,261.69,149.81,51.30,155.81,1,-1,-1,-1
729,77,146.99,49.66,120.11,362.21,1,-1,-1,-1
729,76,261.74,148.73,54.03,164.11,1,-1,-1,-1
730,77,146.99,49.79,119.99,361.86,1,-1,-1,-1
730,76,264.15,155.76,52.57,159.68,1,-1,-1,-1
731,77,146.95,49.82,119.97,361.82,1,-1,-1,-1
732,77,136.58,69.38,125.74,379.22,1,-1,-1,-1
733,77,136.49,70.02,116.98,352.81,1,-1,-1,-1
734,77,132.60,76.91,124.82,376.47,1,-1,-1,-1
735,77,131.23,79.31,127.56,384.73,1,-1,-1,-1
736,77,130.74,63.17,128.62,387.92,1,-1,-1,-1
737,77,130.58,56.83,129.01,389.10,1,-1,-1,-1
737,76,255.23,159.43,51.82,157.43,1,-1,-1,-1
738,77,130.56,54.38,129.14,389.49,1,-1,-1,-1
738,76,256.40,159.03,49.35,149.94,1,-1,-1,-1
739,77,134.37,63.88,118.17,356.41,1,-1,-1,-1
739,76,257.61,164.20,46.31,140.76,1,-1,-1,-1
740,77,126.03,70.91,119.37,360.05,1,-1,-1,-1
740,76,257.23,160.68,47.46,144.27,1,-1,-1,-1
741,77,132.75,70.11,114.43,345.16,1,-1,-1,-1
741,76,263.66,159.44,47.87,145.52,1,-1,-1,-1
742,77,135.36,69.71,112.58,339.60,1,-1,-1,-1
742,76,260.34,164.16,45.86,139.45,1,-1,-1,-1
743,77,136.32,69.52,111.94,337.69,1,-1,-1,-1
743,76,259.03,165.94,45.11,137.20,1,-1,-1,-1
744,77,136.67,69.41,111.75,337.12,1,-1,-1,-1
744,76,258.55,166.55,44.86,136.44,1,-1,-1,-1
745,77,136.79,69.34,111.71,337.03,1,-1,-1,-1
746,77,127.17,72.52,117.12,353.35,1,-1,-1,-1
747,77,129.33,60.12,124.79,376.44,1,-1,-1,-1
748,77,148.43,65.58,116.95,352.81,1,-1,-1,-1
748,87,116.86,116.85,64.90,196.74,1,-1,-1,-1
749,77,147.61,71.11,119.12,359.38,1,-1,-1,-1
749,87,110.24,117.47,64.39,195.18,1,-1,-1,-1
750,77,162.63,80.78,109.64,330.80,1,-1,-1,-1
750,87,107.17,109.95,70.14,212.61,1,-1,-1,-1
751,77,168.41,84.50,105.93,319.62,1,-1,-1,-1
751,87,100.69,101.72,75.70,229.43,1,-1,-1,-1
752,77,176.05,81.92,99.87,301.37,1,-1,-1,-1
752,87,98.11,98.43,77.92,236.14,1,-1,-1,-1
753,77,187.44,70.27,102.55,309.48,1,-1,-1,-1
753,87,90.62,90.64,82.40,249.69,1,-1,-1,-1
754,77,195.98,76.51,98.81,298.22,1,-1,-1,-1
754,87,91.59,79.94,87.97,266.54,1,-1,-1,-1
755,77,198.96,78.90,97.46,294.17,1,-1,-1,-1
755,87,88.14,83.39,86.35,261.59,1,-1,-1,-1
756,77,204.38,72.36,106.87,322.58,1,-1,-1,-1
756,87,78.93,77.04,89.55,271.23,1,-1,-1,-1
757,77,211.11,80.75,105.35,317.99,1,-1,-1,-1
757,87,66.29,65.48,94.92,287.43,1,-1,-1,-1
758,77,208.56,73.14,109.74,331.23,1,-1,-1,-1
758,87,52.71,52.29,106.16,321.38,1,-1,-1,-1
759,77,215.97,77.42,101.88,307.55,1,-1,-1,-1
759,87,34.47,34.20,115.53,349.65,1,-1,-1,-1
760,77,218.60,79.13,98.74,298.09,1,-1,-1,-1
760,87,27.07,26.86,119.33,361.07,1,-1,-1,-1
761,77,219.39,79.73,97.63,294.76,1,-1,-1,-1
761,87,8.98,8.79,126.23,381.83,1,-1,-1,-1
762,77,219.53,79.93,97.26,293.64,1,-1,-1,-1
763,77,219.44,79.99,97.15,293.34,1,-1,-1,-1
764,77,215.58,69.68,101.83,307.47,1,-1,-1,-1
765,77,227.89,79.68,103.57,312.70,1,-1,-1,-1
766,77,228.66,72.72,109.18,329.64,1,-1,-1,-1
766,91,200.45,153.47,39.56,120.72,1,-1,-1,-1
767,77,219.09,67.16,106.44,321.36,1,-1,-1,-1
767,91,196.30,153.21,39.25,119.76,1,-1,-1,-1
768,77,215.10,64.97,105.31,317.95,1,-1,-1,-1
768,91,189.01,149.94,42.77,130.49,1,-1,-1,-1
769,77,217.21,74.40,100.22,302.62,1,-1,-1,-1
769,91,186.17,148.67,44.14,134.68,1,-1,-1,-1
770,77,217.94,78.04,98.28,296.77,1,-1,-1,-1
770,91,182.67,152.79,42.78,130.51,1,-1,-1,-1
771,77,218.17,79.36,97.59,294.68,1,-1,-1,-1
771,91,171.79,149.70,44.19,134.80,1,-1,-1,-1
772,77,209.54,72.54,107.07,323.31,1,-1,-1,-1
772,91,163.26,142.27,49.03,149.53,1,-1,-1,-1
773,77,214.74,77.07,101.17,305.50,1,-1,-1,-1
773,91,159.53,139.86,48.71,148.51,1,-1,-1,-1
774,77,216.88,78.96,98.70,298.04,1,-1,-1,-1
774,91,151.78,138.91,48.54,147.97,1,-1,-1,-1
775,77,217.64,79.64,97.79,295.32,1,-1,-1,-1
775,91,148.90,138.14,50.71,154.57,1,-1,-1,-1
775,92,338.79,85.45,104.56,315.68,1,-1,-1,-1
776,77,217.90,79.88,97.47,294.35,1,-1,-1,-1
776,91,141.12,137.87,51.54,157.04,1,-1,-1,-1
777,77,214.28,83.71,102.04,308.15,1,-1,-1,-1
777,91,137.22,136.85,54.25,165.26,1,-1,-1,-1
778,77,216.55,94.27,99.15,299.43,1,-1,-1,-1
778,91,135.78,136.48,55.29,168.38,1,-1,-1,-1
779,77,232.24,106.23,93.63,282.79,1,-1,-1,-1
779,91,133.83,134.83,58.25,177.33,1,-1,-1,-1
780,77,223.04,102.62,96.01,289.98,1,-1,-1,-1
780,91,130.98,132.05,62.11,189.02,1,-1,-1,-1
781,77,234.45,96.94,92.53,279.49,1,-1,-1,-1
781,91,129.92,122.78,63.62,193.55,1,-1,-1,-1
782,77,239.54,102.04,87.09,263.09,1,-1,-1,-1
782,91,121.33,127.36,64.19,195.22,1,-1,-1,-1
783,77,238.82,87.37,93.79,283.32,1,-1,-1,-1
783,91,118.03,129.24,64.38,195.73,1,-1,-1,-1
783,94,195.96,130.04,64.90,196.74,1,-1,-1,-1
784,77,240.96,98.03,87.83,265.35,1,-1,-1,-1
784,91,108.85,123.21,70.59,214.52,1,-1,-1,-1
784,94,195.99,127.99,66.96,202.97,1,-1,-1,-1
785,77,241.66,102.32,85.47,258.23,1,-1,-1,-1
785,91,100.09,116.29,76.26,231.66,1,-1,-1,-1
785,94,184.24,118.64,74.38,225.46,1,-1,-1,-1
786,77,241.84,115.43,84.65,255.78,1,-1,-1,-1
786,91,86.66,103.55,78.52,238.44,1,-1,-1,-1
786,94,179.56,114.92,77.34,234.42,1,-1,-1,-1
787,77,241.09,113.56,88.50,267.44,1,-1,-1,-1
787,91,74.13,102.77,82.98,251.88,1,-1,-1,-1
787,94,171.03,112.33,85.95,260.47,1,-1,-1,-1
788,77,251.98,113.96,82.15,248.27,1,-1,-1,-1
788,91,58.52,102.52,84.71,257.04,1,-1,-1,-1
788,94,164.35,112.39,82.04,248.59,1,-1,-1,-1
789,77,245.29,107.72,83.58,252.61,1,-1,-1,-1
789,91,41.53,102.52,85.34,258.86,1,-1,-1,-1
789,94,147.38,103.74,92.15,279.17,1,-1,-1,-1
790,77,242.86,111.57,80.29,242.70,1,-1,-1,-1
790,91,24.84,95.56,89.43,271.18,1,-1,-1,-1
790,94,128.97,100.57,95.86,290.36,1,-1,-1,-1
791,77,241.86,112.98,79.09,239.09,1,-1,-1,-1
791,91,6.89,92.92,90.99,275.81,1,-1,-1,-1
791,94,113.55,90.50,101.75,308.13,1,-1,-1,-1
792,77,241.47,124.23,78.69,237.91,1,-1,-1,-1
792,94,98.12,76.17,108.77,329.29,1,-1,-1,-1
793,77,229.86,122.94,82.41,249.17,1,-1,-1,-1
793,94,75.09,80.84,106.85,323.41,1,-1,-1,-1
794,77,226.32,117.14,80.04,242.02,1,-1,-1,-1
794,94,54.30,72.28,110.77,335.21,1,-1,-1,-1
795,77,225.00,114.76,79.14,239.32,1,-1,-1,-1
795,94,17.78,43.63,128.74,389.45,1,-1,-1,-1
795,98,416.87,26.99,128.96,388.88,1,-1,-1,-1
795,92,292.61,25.96,119.99,362.21,1,-1,-1,-1
796,77,224.57,124.54,78.83,238.40,1,-1,-1,-1
796,98,416.87,26.99,128.96,388.88,1,-1,-1,-1
796,92,291.45,40.44,120.39,363.38,1,-1,-1,-1
797,77,224.40,122.41,75.19,227.42,1,-1,-1,-1
797,98,418.14,28.16,134.79,406.46,1,-1,-1,-1
797,92,287.74,31.13,126.18,380.81,1,-1,-1,-1
798,77,224.46,116.47,77.46,234.30,1,-1,-1,-1
798,98,417.36,27.45,131.24,395.75,1,-1,-1,-1
798,92,289.67,42.14,122.78,370.53,1,-1,-1,-1
799,77,224.44,119.25,74.77,226.16,1,-1,-1,-1
799,92,287.21,48.96,127.07,383.44,1,-1,-1,-1
800,77,222.44,118.63,67.29,203.60,1,-1,-1,-1
800,92,281.60,35.86,134.67,406.32,1,-1,-1,-1
800,100,63.24,158.41,40.17,122.57,1,-1,-1,-1
800,101,103.40,161.00,39.00,119.00,1,-1,-1,-1
800,102,166.73,179.46,34.84,106.58,1,-1,-1,-1
801,77,212.77,114.88,74.96,226.81,1,-1,-1,-1
801,92,279.49,30.84,137.57,415.02,1,-1,-1,-1
801,100,59.78,159.85,39.52,120.59,1,-1,-1,-1
801,102,159.14,173.65,37.09,113.47,1,-1,-1,-1
802,77,219.20,122.33,70.76,214.13,1,-1,-1,-1
802,92,278.74,28.91,138.65,418.24,1,-1,-1,-1
802,100,57.96,160.60,39.18,119.55,1,-1,-1,-1
802,102,156.71,172.83,39.98,122.28,1,-1,-1,-1
803,77,222.72,121.33,72.45,219.25,1,-1,-1,-1
803,92,278.54,28.23,139.00,419.28,1,-1,-1,-1
803,100,56.73,158.46,42.82,130.64,1,-1,-1,-1
803,102,154.26,175.30,39.41,120.54,1,-1,-1,-1
804,77,224.00,120.96,73.06,221.12,1,-1,-1,-1
804,92,286.62,41.47,127.39,384.26,1,-1,-1,-1
804,100,56.26,157.66,44.18,134.76,1,-1,-1,-1
804,102,158.39,176.34,39.17,119.79,1,-1,-1,-1
804,101,91.24,167.75,39.00,119.00,1,-1,-1,-1
805,77,224.56,115.88,76.84,232.54,1,-1,-1,-1
805,92,289.93,46.81,122.70,370.12,1,-1,-1,-1
805,100,61.93,157.34,44.72,136.41,1,-1,-1,-1
805,102,160.00,176.74,39.07,119.47,1,-1,-1,-1
806,77,234.42,118.80,74.79,226.36,1,-1,-1,-1
806,92,307.48,48.73,121.01,365.01,1,-1,-1,-1
806,100,66.89,156.02,42.98,131.10,1,-1,-1,-1
806,102,165.81,176.90,39.03,119.34,1,-1,-1,-1
807,77,248.24,119.96,73.98,223.91,1,-1,-1,-1
807,92,313.88,49.42,120.40,363.17,1,-1,-1,-1
807,100,68.84,155.50,42.28,128.97,1,-1,-1,-1
807,102,170.30,174.02,40.85,124.87,1,-1,-1,-1
808,77,253.34,120.38,73.68,223.02,1,-1,-1,-1
808,92,332.29,47.49,114.79,346.27,1,-1,-1,-1
808,100,72.80,150.51,44.01,134.22,1,-1,-1,-1
808,102,174.01,169.05,43.48,132.86,1,-1,-1,-1
809,77,265.06,130.43,73.58,222.72,1,-1,-1,-1
809,92,339.20,48.93,118.18,356.50,1,-1,-1,-1
809,102,181.25,167.13,44.50,135.93,1,-1,-1,-1
809,101,80.58,150.75,47.24,144.10,1,-1,-1,-1
810,77,275.88,137.44,70.26,212.69,1,-1,-1,-1
810,92,341.58,65.49,119.41,360.19,1,-1,-1,-1
810,102,187.19,170.28,42.95,131.19,1,-1,-1,-1
810,101,87.98,154.49,45.96,140.19,1,-1,-1,-1
811,77,283.22,126.63,72.36,219.04,1,-1,-1,-1
811,92,358.44,40.81,125.62,378.92,1,-1,-1,-1
811,102,192.34,167.58,44.30,135.28,1,-1,-1,-1
811,101,88.88,150.50,47.55,144.98,1,-1,-1,-1
811,98,473.27,28.87,138.08,416.37,1,-1,-1,-1
812,77,285.77,122.73,73.11,221.34,1,-1,-1,-1
812,92,364.63,31.55,127.94,385.92,1,-1,-1,-1
812,102,194.21,166.59,44.80,136.77,1,-1,-1,-1
812,101,97.18,154.46,46.05,140.40,1,-1,-1,-1
813,77,286.56,121.23,73.41,222.24,1,-1,-1,-1
813,92,383.76,27.98,128.83,388.58,1,-1,-1,-1
813,102,188.89,166.23,44.99,137.30,1,-1,-1,-1
813,101,100.50,156.08,45.43,138.49,1,-1,-1,-1
814,77,296.54,120.65,73.53,222.60,1,-1,-1,-1
814,92,390.90,26.67,129.15,389.53,1,-1,-1,-1
814,102,186.76,166.12,45.05,137.45,1,-1,-1,-1
814,101,100.05,151.14,47.33,144.23,1,-1,-1,-1
815,77,305.33,133.56,70.30,212.84,1,-1,-1,-1
815,92,393.35,26.24,129.24,389.80,1,-1,-1,-1
815,102,185.88,166.10,45.06,137.47,1,-1,-1,-1
815,101,101.53,154.78,45.93,139.97,1,-1,-1,-1
816,77,308.43,138.50,69.07,209.13,1,-1,-1,-1
816,92,394.12,27.37,135.35,408.21,1,-1,-1,-1
816,102,187.71,161.00,47.18,143.91,1,-1,-1,-1
816,101,93.89,150.67,47.50,144.73,1,-1,-1,-1
816,109,267.59,194.67,28.92,88.72,1,-1,-1,-1
817,77,309.38,130.91,68.63,207.82,1,-1,-1,-1
817,92,393.08,9.84,144.06,434.44,1,-1,-1,-1
817,102,182.03,159.09,47.98,146.31,1,-1,-1,-1
817,101,88.35,142.34,50.35,153.35,1,-1,-1,-1
817,109,267.17,193.92,28.03,86.00,1,-1,-1,-1
817,110,233.00,169.00,39.00,119.00,1,-1,-1,-1
818,77,314.29,124.10,71.80,217.41,1,-1,-1,-1
818,92,392.53,3.10,147.40,444.49,1,-1,-1,-1
818,101,88.90,145.89,49.20,149.85,1,-1,-1,-1
818,109,263.69,190.75,28.83,88.46,1,-1,-1,-1
818,110,233.00,169.00,39.00,119.00,1,-1,-1,-1
819,77,316.00,121.60,72.97,220.95,1,-1,-1,-1
819,92,411.19,0.54,142.25,428.94,1,-1,-1,-1
819,101,83.00,139.55,53.45,162.73,1,-1,-1,-1
819,109,259.40,176.78,35.19,107.96,1,-1,-1,-1
819,110,232.70,165.80,40.77,124.41,1,-1,-1,-1
819,102,172.98,158.97,50.91,155.18,1,-1,-1,-1
820,77,320.96,124.54,70.17,212.49,1,-1,-1,-1
820,92,418.43,-0.28,146.66,442.19,1,-1,-1,-1
820,110,225.68,166.11,43.39,132.39,1,-1,-1,-1
820,102,163.99,159.20,53.93,164.32,1,-1,-1,-1
820,100,79.98,148.68,48.04,146.44,1,-1,-1,-1
821,77,318.06,121.73,72.40,219.24,1,-1,-1,-1
821,92,421.00,-0.53,148.27,447.02,1,-1,-1,-1
821,110,219.01,164.67,42.51,129.70,1,-1,-1,-1
821,102,152.47,151.04,57.61,175.45,1,-1,-1,-1
821,101,71.84,136.99,55.16,167.90,1,-1,-1,-1
822,77,310.73,115.85,76.69,232.23,1,-1,-1,-1
822,110,210.79,164.09,42.14,128.56,1,-1,-1,-1
822,102,138.18,146.26,61.76,188.01,1,-1,-1,-1
822,101,66.35,137.71,52.89,160.96,1,-1,-1,-1
822,109,244.38,176.52,38.21,117.16,1,-1,-1,-1
823,77,313.98,128.05,74.89,226.78,1,-1,-1,-1
823,110,202.11,169.45,42.00,128.11,1,-1,-1,-1
823,102,125.98,138.97,69.40,211.16,1,-1,-1,-1
823,101,64.38,145.01,52.06,158.41,1,-1,-1,-1
823,109,241.82,181.91,38.66,118.53,1,-1,-1,-1
824,77,315.15,132.98,74.15,224.51,1,-1,-1,-1
824,110,198.86,165.91,41.94,127.92,1,-1,-1,-1
824,102,116.25,139.15,69.38,211.01,1,-1,-1,-1
824,101,56.71,147.68,51.77,157.49,1,-1,-1,-1
824,109,240.89,178.75,38.84,119.03,1,-1,-1,-1
825,77,315.50,134.82,73.86,223.63,1,-1,-1,-1
825,110,191.14,161.08,46.02,140.33,1,-1,-1,-1
825,102,107.95,136.19,72.44,220.21,1,-1,-1,-1
825,101,48.96,140.70,54.15,164.70,1,-1,-1,-1
825,109,235.40,177.54,38.91,119.21,1,-1,-1,-1
826,77,315.55,125.62,73.74,223.29,1,-1,-1,-1
826,110,183.44,153.09,49.73,151.62,1,-1,-1,-1
826,102,99.46,131.05,76.97,233.85,1,-1,-1,-1
826,101,44.16,139.06,52.60,159.98,1,-1,-1,-1
826,109,233.33,177.08,38.94,119.26,1,-1,-1,-1
827,77,314.41,129.08,67.36,204.00,1,-1,-1,-1
827,110,173.81,149.92,51.21,156.09,1,-1,-1,-1
827,102,79.03,124.06,82.30,249.93,1,-1,-1,-1
827,101,30.54,135.87,57.15,173.77,1,-1,-1,-1
827,109,226.70,179.56,40.79,124.86,1,-1,-1,-1
828,77,310.11,127.28,68.06,206.11,1,-1,-1,-1
828,110,170.03,148.69,51.78,157.80,1,-1,-1,-1
828,102,62.58,115.22,88.21,267.75,1,-1,-1,-1
828,101,24.56,136.23,56.23,170.96,1,-1,-1,-1
828,109,218.72,180.50,41.49,126.96,1,-1,-1,-1
828,111,380.00,119.09,85.96,259.92,1,-1,-1,-1
829,77,313.32,122.70,71.61,216.87,1,-1,-1,-1
829,110,161.94,147.80,54.39,165.68,1,-1,-1,-1
829,102,46.33,104.38,94.62,287.08,1,-1,-1,-1
829,109,213.75,177.34,43.71,133.72,1,-1,-1,-1
829,111,383.89,114.74,88.68,268.14,1,-1,-1,-1
830,77,318.95,133.97,69.69,211.06,1,-1,-1,-1
830,110,150.73,146.49,57.93,176.40,1,-1,-1,-1
830,102,38.26,107.40,93.12,282.41,1,-1,-1,-1
830,109,209.02,177.85,46.64,142.60,1,-1,-1,-1
830,111,391.11,118.57,86.29,260.89,1,-1,-1,-1
830,112,289.00,169.00,39.00,119.00,1,-1,-1,-1
831,77,316.53,135.15,72.24,218.79,1,-1,-1,-1
831,110,138.78,146.01,59.31,180.54,1,-1,-1,-1
831,102,24.42,101.30,96.55,292.69,1,-1,-1,-1
831,109,203.29,172.75,49.99,152.74,1,-1,-1,-1
831,111,388.66,113.87,89.23,269.79,1,-1,-1,-1
831,112,289.00,169.00,39.00,119.00,1,-1,-1,-1
832,77,315.62,125.80,73.18,221.62,1,-1,-1,-1
832,110,129.06,133.03,65.50,199.30,1,-1,-1,-1
832,109,192.62,169.81,49.12,150.04,1,-1,-1,-1
832,111,380.27,104.58,94.52,285.76,1,-1,-1,-1
832,112,283.97,163.97,39.00,119.00,1,-1,-1,-1
832,114,116.67,52.50,98.90,298.71,1,-1,-1,-1
833,77,314.14,129.08,67.25,203.69,1,-1,-1,-1
833,110,116.69,128.05,67.89,206.49,1,-1,-1,-1
833,109,183.47,162.76,50.98,155.62,1,-1,-1,-1
833,111,377.04,101.00,96.55,291.90,1,-1,-1,-1
833,112,276.82,161.95,39.00,119.00,1,-1,-1,-1
833,114,107.11,56.73,98.12,296.35,1,-1,-1,-1
834,77,313.50,130.38,64.91,196.62,1,-1,-1,-1
834,110,107.47,122.34,71.94,218.71,1,-1,-1,-1
834,109,173.33,166.84,51.68,157.70,1,-1,-1,-1
834,111,375.76,99.62,97.35,294.28,1,-1,-1,-1
834,112,274.07,161.19,39.00,119.00,1,-1,-1,-1
834,114,93.32,48.31,102.13,308.47,1,-1,-1,-1
835,77,314.36,123.71,70.58,213.79,1,-1,-1,-1
835,110,88.61,115.48,76.84,233.51,1,-1,-1,-1
835,109,162.27,161.25,56.91,173.56,1,-1,-1,-1
835,111,375.27,99.12,97.63,295.14,1,-1,-1,-1
835,116,223.46,162.57,42.48,129.46,1,-1,-1,-1
836,77,319.09,125.20,69.37,210.12,1,-1,-1,-1
836,110,84.82,107.12,82.32,250.05,1,-1,-1,-1
836,109,155.37,147.67,64.46,196.46,1,-1,-1,-1
836,111,382.66,106.60,93.48,282.59,1,-1,-1,-1
836,116,225.75,154.87,45.64,139.08,1,-1,-1,-1
836,112,272.81,160.83,39.00,119.00,1,-1,-1,-1
837,77,323.94,128.89,65.81,199.35,1,-1,-1,-1
837,110,75.87,96.99,88.28,268.04,1,-1,-1,-1
837,109,152.66,142.26,67.49,205.57,1,-1,-1,-1
837,111,390.88,101.77,96.17,290.69,1,-1,-1,-1
837,116,226.91,157.01,47.24,143.95,1,-1,-1,-1
837,112,277.99,160.81,39.00,119.00,1,-1,-1,-1
