1,1247,125.45,159.39,55.57,168.71,1,-1,-1,-1
1,1248,14.93,140.29,68.64,207.93,1,-1,-1,-1
2,1247,122.70,158.73,59.05,179.28,1,-1,-1,-1
2,1248,14.93,140.29,68.64,207.93,1,-1,-1,-1
3,1247,128.85,147.48,62.92,191.02,1,-1,-1,-1
3,1248,14.93,140.29,68.64,207.93,1,-1,-1,-1
4,1247,130.98,143.67,64.18,194.82,1,-1,-1,-1
4,1248,15.71,136.53,72.43,219.38,1,-1,-1,-1
5,1247,142.70,153.14,61.40,186.40,1,-1,-1,-1
5,1248,25.21,138.85,70.09,212.30,1,-1,-1,-1
6,1247,146.72,156.84,60.28,182.99,1,-1,-1,-1
6,1248,30.06,136.25,72.71,220.23,1,-1,-1,-1
7,1247,156.41,158.14,59.88,181.75,1,-1,-1,-1
7,1248,31.63,135.37,73.59,222.89,1,-1,-1,-1
8,1247,156.62,145.92,65.89,199.96,1,-1,-1,-1
8,1248,33.52,130.77,77.48,234.67,1,-1,-1,-1
9,1247,167.44,153.60,62.18,188.70,1,-1,-1,-1
9,1248,44.70,129.10,78.89,238.92,1,-1,-1,-1
10,1247,170.90,155.74,63.50,192.70,1,-1,-1,-1
10,1248,48.90,128.53,79.38,240.37,1,-1,-1,-1
11,1247,180.65,156.51,63.97,194.10,1,-1,-1,-1
11,1248,50.34,128.37,79.51,240.75,1,-1,-1,-1
12,1247,182.30,142.49,70.47,213.79,1,-1,-1,-1
12,1248,61.28,128.37,79.51,240.74,1,-1,-1,-1
13,1247,192.97,149.34,69.72,211.47,1,-1,-1,-1
13,1248,65.29,128.42,79.47,240.60,1,-1,-1,-1
14,1247,205.45,154.05,66.30,201.11,1,-1,-1,-1
14,1248,77.19,128.48,79.42,240.43,1,-1,-1,-1
15,1247,210.05,137.23,74.87,227.04,1,-1,-1,-1
15,1248,81.53,128.54,79.37,240.26,1,-1,-1,-1
16,1247,221.11,147.17,71.45,216.67,1,-1,-1,-1
16,1248,86.77,123.34,83.08,251.48,1,-1,-1,-1
17,1247,225.26,151.53,69.90,211.92,1,-1,-1,-1
17,1248,88.61,121.41,84.46,255.63,1,-1,-1,-1
18,1247,227.28,150.60,72.56,219.95,1,-1,-1,-1
18,1248,93.13,114.36,88.94,269.14,1,-1,-1,-1
19,1247,227.97,136.45,76.97,233.30,1,-1,-1,-1
19,1248,94.74,111.70,90.63,274.22,1,-1,-1,-1
20,1247,227.42,125.94,82.30,249.38,1,-1,-1,-1
20,1248,83.30,110.73,91.24,276.05,1,-1,-1,-1
21,1247,227.05,121.85,84.37,255.60,1,-1,-1,-1
21,1248,82.11,102.77,95.68,289.44,1,-1,-1,-1
22,1247,225.18,114.07,89.04,269.70,1,-1,-1,-1
22,1248,81.59,99.78,97.35,294.45,1,-1,-1,-1
23,1247,224.35,111.11,90.83,275.07,1,-1,-1,-1
23,1248,81.27,98.70,97.96,296.24,1,-1,-1,-1
24,1247,235.61,110.05,91.48,276.98,1,-1,-1,-1
24,1248,77.63,106.01,93.89,283.92,1,-1,-1,-1
25,1247,238.28,102.17,95.88,290.24,1,-1,-1,-1
25,1248,72.41,95.92,106.18,321.03,1,-1,-1,-1
26,1247,239.22,99.20,97.55,295.22,1,-1,-1,-1
26,1248,70.56,92.28,110.61,334.35,1,-1,-1,-1
27,1247,236.78,102.69,102.64,310.56,1,-1,-1,-1
27,1248,66.85,100.45,107.56,325.11,1,-1,-1,-1
28,1247,235.75,104.12,104.58,316.37,1,-1,-1,-1
28,1248,68.29,94.09,111.11,335.77,1,-1,-1,-1
29,1247,241.83,83.80,115.25,348.55,1,-1,-1,-1
29,1248,56.39,80.32,117.60,355.33,1,-1,-1,-1
30,1247,248.09,87.09,114.32,345.67,1,-1,-1,-1
30,1248,54.00,61.84,125.57,379.34,1,-1,-1,-1
31,1247,250.51,88.70,113.76,343.92,1,-1,-1,-1
31,1248,53.06,54.62,128.67,388.64,1,-1,-1,-1
32,1247,247.22,77.98,118.67,358.68,1,-1,-1,-1
32,1248,52.72,68.44,129.81,392.04,1,-1,-1,-1
33,1247,261.36,73.95,120.51,364.17,1,-1,-1,-1
33,1248,65.94,70.74,124.61,376.27,1,-1,-1,-1
34,1247,269.91,83.90,115.97,350.40,1,-1,-1,-1
34,1248,74.66,75.24,128.09,386.73,1,-1,-1,-1
35,1247,282.58,79.81,125.02,377.67,1,-1,-1,-1
35,1248,77.88,76.95,129.36,390.51,1,-1,-1,-1
36,1247,290.44,90.39,122.86,371.10,1,-1,-1,-1
36,1248,79.10,77.70,129.77,391.73,1,-1,-1,-1
37,1247,290.03,82.47,127.47,384.96,1,-1,-1,-1
37,1248,83.17,63.56,135.90,410.16,1,-1,-1,-1
38,1247,289.76,79.50,129.18,390.07,1,-1,-1,-1
38,1248,84.69,58.22,138.19,417.04,1,-1,-1,-1
39,1247,302.74,64.03,135.76,409.87,1,-1,-1,-1
39,1248,69.83,39.52,145.43,438.83,1,-1,-1,-1
40,1247,307.63,58.14,138.24,417.32,1,-1,-1,-1
40,1248,79.27,48.88,141.83,427.92,1,-1,-1,-1
41,1247,309.36,55.93,139.13,419.94,1,-1,-1,-1
41,1248,70.31,37.41,153.70,463.66,1,-1,-1,-1
42,1247,309.84,55.20,139.39,420.66,1,-1,-1,-1
42,1248,64.26,31.81,151.35,456.54,1,-1,-1,-1
43,1247,309.84,55.05,139.40,420.65,1,-1,-1,-1
43,1248,61.78,29.76,150.22,453.06,1,-1,-1,-1
44,1247,304.58,57.72,145.81,439.94,1,-1,-1,-1
44,1248,60.85,29.12,149.69,451.43,1,-1,-1,-1
45,1247,307.53,56.22,141.82,427.86,1,-1,-1,-1
45,1248,60.52,29.01,149.41,450.56,1,-1,-1,-1
46,1247,296.45,40.18,153.63,463.42,1,-1,-1,-1
47,1247,292.37,34.28,157.98,476.49,1,-1,-1,-1
50,1247,311.15,32.06,159.62,481.38,1,-1,-1,-1
51,1247,318.51,31.34,160.15,482.94,1,-1,-1,-1
52,1247,321.27,31.20,160.26,483.22,1,-1,-1,-1
54,1248,126.90,26.74,130.24,392.76,1,-1,-1,-1
55,1248,131.32,26.87,128.86,388.57,1,-1,-1,-1
56,1248,132.77,26.90,128.40,387.20,1,-1,-1,-1
57,1248,133.12,26.92,128.29,386.87,1,-1,-1,-1
58,1248,133.06,26.93,128.31,386.93,1,-1,-1,-1
59,1248,132.86,26.94,128.37,387.11,1,-1,-1,-1
60,1248,132.65,26.94,128.44,387.31,1,-1,-1,-1
61,1248,132.45,26.95,128.50,387.50,1,-1,-1,-1
62,1248,132.27,26.96,128.56,387.67,1,-1,-1,-1
63,1248,132.11,26.96,128.61,387.81,1,-1,-1,-1
64,1248,131.97,26.96,128.65,387.94,1,-1,-1,-1
65,1248,131.84,26.97,128.69,388.06,1,-1,-1,-1
66,1248,131.74,26.97,128.72,388.16,1,-1,-1,-1
67,1248,131.65,26.97,128.75,388.24,1,-1,-1,-1
68,1248,131.56,26.98,128.77,388.32,1,-1,-1,-1
69,1248,131.49,26.98,128.80,388.39,1,-1,-1,-1
70,1248,131.43,26.98,128.81,388.44,1,-1,-1,-1
71,1248,124.44,9.79,141.56,426.85,1,-1,-1,-1
72,1248,121.87,3.49,146.23,440.91,1,-1,-1,-1
73,1248,120.84,1.05,148.06,446.41,1,-1,-1,-1
74,1248,133.30,0.18,142.27,428.94,1,-1,-1,-1
75,1248,125.07,-0.03,146.51,441.70,1,-1,-1,-1
76,1248,134.93,-0.07,141.59,426.85,1,-1,-1,-1
77,1248,125.63,0.03,146.20,440.73,1,-1,-1,-1
78,1248,122.20,0.09,147.88,445.80,1,-1,-1,-1
79,1248,120.88,0.18,148.50,447.63,1,-1,-1,-1
80,1248,120.39,0.27,148.69,448.21,1,-1,-1,-1
81,1248,120.23,0.36,148.73,448.31,1,-1,-1,-1
82,1248,120.18,0.43,148.71,448.24,1,-1,-1,-1
83,1248,120.19,0.50,148.68,448.12,1,-1,-1,-1
84,1248,133.27,18.89,142.08,428.24,1,-1,-1,-1
85,1248,132.03,24.74,133.28,401.74,1,-1,-1,-1
86,1248,131.53,26.84,130.02,391.94,1,-1,-1,-1
87,1248,131.32,27.53,128.90,388.56,1,-1,-1,-1
88,1248,131.23,27.72,128.53,387.47,1,-1,-1,-1
89,1248,131.18,27.72,128.45,387.23,1,-1,-1,-1
90,1248,131.14,27.67,128.46,387.27,1,-1,-1,-1
91,1248,131.12,27.59,128.50,387.41,1,-1,-1,-1
92,1248,131.10,27.53,128.55,387.57,1,-1,-1,-1
94,1248,124.11,10.19,141.39,426.26,1,-1,-1,-1
95,1248,121.56,3.87,146.07,440.36,1,-1,-1,-1
96,1248,137.35,17.04,129.91,391.64,1,-1,-1,-1
97,1248,143.85,22.56,123.21,371.48,1,-1,-1,-1
98,1248,146.10,24.50,120.88,364.46,1,-1,-1,-1
99,1248,142.69,27.61,132.19,398.57,1,-1,-1,-1
100,1248,141.48,10.74,136.22,410.70,1,-1,-1,-1
101,1248,140.95,4.00,137.80,415.46,1,-1,-1,-1
102,1248,140.72,1.43,138.39,417.23,1,-1,-1,-1
103,1248,140.61,0.52,138.58,417.81,1,-1,-1,-1
104,1248,140.55,0.24,138.63,417.94,1,-1,-1,-1
105,1248,140.51,18.50,138.62,417.91,1,-1,-1,-1
106,1248,140.48,25.48,138.59,417.82,1,-1,-1,-1
107,1248,140.46,28.11,138.56,417.73,1,-1,-1,-1
108,1248,140.44,29.06,138.53,417.63,1,-1,-1,-1
109,1248,140.42,29.37,138.51,417.54,1,-1,-1,-1
110,1248,140.40,29.44,138.48,417.46,1,-1,-1,-1
111,1248,140.39,29.42,138.46,417.39,1,-1,-1,-1
112,1248,140.38,29.37,138.44,417.33,1,-1,-1,-1
113,1248,140.37,29.32,138.42,417.28,1,-1,-1,-1
114,1248,140.36,29.27,138.40,417.23,1,-1,-1,-1
115,1248,140.35,29.22,138.39,417.18,1,-1,-1,-1
116,1248,140.34,29.18,138.38,417.14,1,-1,-1,-1
117,1248,140.34,29.14,138.37,417.11,1,-1,-1,-1
118,1248,140.33,29.11,138.36,417.08,1,-1,-1,-1
119,1248,151.32,27.84,132.21,398.57,1,-1,-1,-1
120,1248,144.31,28.60,136.11,410.31,1,-1,-1,-1
121,1248,148.37,10.54,144.07,434.29,1,-1,-1,-1
122,1248,149.88,3.74,147.07,443.31,1,-1,-1,-1
123,1248,154.75,18.04,135.70,409.06,1,-1,-1,-1
124,1248,145.37,25.15,137.39,414.15,1,-1,-1,-1
136,1248,140.76,28.64,138.21,416.63,1,-1,-1,-1
137,1248,140.32,28.93,138.29,416.86,1,-1,-1,-1
138,1248,140.17,29.03,138.31,416.93,1,-1,-1,-1
139,1248,140.13,29.05,138.32,416.95,1,-1,-1,-1
140,1248,140.12,29.05,138.32,416.96,1,-1,-1,-1
141,1248,151.13,27.80,132.18,398.46,1,-1,-1,-1
142,1248,155.35,27.30,129.83,391.39,1,-1,-1,-1
143,1248,145.69,28.37,135.22,407.65,1,-1,-1,-1
144,1248,153.07,27.53,131.11,395.26,1,-1,-1,-1
145,1248,155.94,27.19,129.51,390.44,1,-1,-1,-1
146,1248,145.86,28.31,135.14,407.42,1,-1,-1,-1
147,1248,153.02,27.50,131.14,395.37,1,-1,-1,-1
148,1248,144.73,28.42,135.78,409.33,1,-1,-1,-1
149,1248,152.58,27.54,131.40,396.14,1,-1,-1,-1
150,1248,144.55,28.43,135.88,409.66,1,-1,-1,-1
151,1248,141.61,28.75,137.52,414.60,1,-1,-1,-1
152,1248,151.41,27.65,132.06,398.13,1,-1,-1,-1
153,1248,155.24,27.22,129.92,391.69,1,-1,-1,-1
154,1248,156.63,27.06,129.14,389.36,1,-1,-1,-1
155,1248,157.12,27.00,128.87,388.54,1,-1,-1,-1
156,1248,146.22,28.22,134.96,406.89,1,-1,-1,-1
157,1248,142.18,28.67,137.21,413.68,1,-1,-1,-1
158,1248,140.63,28.84,138.08,416.28,1,-1,-1,-1
159,1248,140.07,28.90,138.39,417.22,1,-1,-1,-1
160,1248,139.90,28.92,138.49,417.52,1,-1,-1,-1
161,1248,150.81,27.69,132.40,399.17,1,-1,-1,-1
162,1248,143.89,28.47,136.26,410.81,1,-1,-1,-1
163,1248,147.96,10.48,144.19,434.69,1,-1,-1,-1
164,1248,149.50,3.69,147.18,443.69,1,-1,-1,-1
165,1248,143.60,1.09,141.86,427.63,1,-1,-1,-1
166,1248,133.81,0.21,153.38,462.34,1,-1,-1,-1
167,1248,124.78,-0.11,150.74,454.36,1,-1,-1,-1
168,1248,121.21,-0.10,149.56,450.81,1,-1,-1,-1
169,1248,119.93,-0.02,149.07,449.32,1,-1,-1,-1
170,1248,125.17,0.08,155.87,469.78,1,-1,-1,-1
171,1248,121.62,0.15,151.50,456.60,1,-1,-1,-1
172,1248,120.30,0.26,149.68,451.11,1,-1,-1,-1
173,1248,119.86,0.35,148.97,448.96,1,-1,-1,-1
174,1248,119.75,0.43,148.68,448.08,1,-1,-1,-1
175,1248,125.43,0.49,155.60,468.92,1,-1,-1,-1
176,1248,141.36,0.54,151.25,455.81,1,-1,-1,-1
178,1248,127.89,0.60,149.47,450.43,1,-1,-1,-1
179,1248,122.82,0.65,148.78,448.37,1,-1,-1,-1
180,1248,140.71,0.69,148.52,447.56,1,-1,-1,-1
181,1248,127.70,0.73,148.41,447.24,1,-1,-1,-1
182,1248,122.76,0.76,148.36,447.10,1,-1,-1,-1
183,1248,120.92,0.79,148.34,447.04,1,-1,-1,-1
184,1248,140.00,0.81,148.33,447.00,1,-1,-1,-1
185,1248,127.48,0.84,148.33,446.98,1,-1,-1,-1
186,1248,122.72,0.86,148.32,446.96,1,-1,-1,-1
187,1248,120.94,0.87,148.32,446.95,1,-1,-1,-1
188,1248,120.30,0.89,148.31,446.94,1,-1,-1,-1
189,1248,120.09,0.90,148.31,446.93,1,-1,-1,-1
190,1248,120.04,0.91,148.31,446.92,1,-1,-1,-1
191,1248,120.06,0.92,148.31,446.91,1,-1,-1,-1
192,1248,120.09,0.93,148.30,446.91,1,-1,-1,-1
193,1248,120.12,0.94,148.30,446.90,1,-1,-1,-1
194,1248,120.16,0.95,148.30,446.90,1,-1,-1,-1
195,1248,120.19,0.95,148.30,446.89,1,-1,-1,-1
196,1248,120.22,0.96,148.30,446.89,1,-1,-1,-1
197,1248,120.24,0.96,148.30,446.89,1,-1,-1,-1
198,1248,120.27,0.97,148.30,446.88,1,-1,-1,-1
199,1248,120.28,0.97,148.30,446.88,1,-1,-1,-1
200,1248,120.30,0.98,148.29,446.88,1,-1,-1,-1
201,1248,120.32,0.98,148.29,446.88,1,-1,-1,-1
202,1248,120.33,0.98,148.29,446.87,1,-1,-1,-1
203,1248,131.09,15.94,124.49,375.21,1,-1,-1,-1
204,1248,118.14,25.58,133.55,402.49,1,-1,-1,-1
205,1248,126.32,27.42,130.18,392.38,1,-1,-1,-1
206,1248,117.07,29.22,135.21,407.52,1,-1,-1,-1
207,1248,113.72,29.82,137.05,413.08,1,-1,-1,-1
208,1248,112.47,29.95,137.78,415.27,1,-1,-1,-1
209,1248,124.27,28.68,131.93,397.66,1,-1,-1,-1
210,1248,139.30,26.91,123.86,373.39,1,-1,-1,-1
211,1248,144.83,26.17,120.93,364.57,1,-1,-1,-1
212,1248,146.73,42.31,119.94,361.60,1,-1,-1,-1
213,1248,156.00,45.92,114.19,344.30,1,-1,-1,-1
214,1248,159.31,47.10,112.15,338.17,1,-1,-1,-1
215,1248,168.12,49.62,116.99,352.77,1,-1,-1,-1
216,1248,171.20,50.47,118.75,358.10,1,-1,-1,-1
217,1248,164.66,48.53,114.12,344.15,1,-1,-1,-1
218,1248,169.63,49.83,117.85,355.42,1,-1,-1,-1
219,1248,178.77,63.04,113.88,343.46,1,-1,-1,-1
220,1248,182.13,68.02,112.39,338.98,1,-1,-1,-1
221,1248,183.23,69.72,111.88,337.46,1,-1,-1,-1
222,1248,194.14,77.51,101.99,307.68,1,-1,-1,-1
223,1248,198.06,80.24,98.30,296.58,1,-1,-1,-1
224,1248,202.83,90.06,92.58,279.38,1,-1,-1,-1
225,1248,204.32,93.39,90.65,273.58,1,-1,-1,-1
226,1248,218.95,101.94,85.86,259.17,1,-1,-1,-1
227,1248,224.00,104.79,84.27,254.42,1,-1,-1,-1
228,1248,225.58,105.61,83.82,253.08,1,-1,-1,-1
228,1259,323.90,37.74,154.78,466.57,1,-1,-1,-1
229,1248,244.86,111.55,72.83,219.98,1,-1,-1,-1
229,1259,332.36,51.83,142.53,429.65,1,-1,-1,-1
230,1248,243.94,102.30,76.34,230.62,1,-1,-1,-1
230,1259,335.44,56.96,138.08,416.22,1,-1,-1,-1
231,1248,253.05,105.20,73.79,222.95,1,-1,-1,-1
231,1259,336.13,58.11,137.08,413.20,1,-1,-1,-1
232,1248,256.10,106.15,72.99,220.56,1,-1,-1,-1
232,1259,336.20,58.23,136.98,412.90,1,-1,-1,-1
232,1260,455.43,163.91,41.87,127.61,1,-1,-1,-1
233,1248,258.49,111.52,76.42,230.97,1,-1,-1,-1
233,1259,336.11,58.08,137.11,413.30,1,-1,-1,-1
233,1260,462.04,163.91,41.87,127.61,1,-1,-1,-1
234,1248,260.07,107.33,81.47,246.23,1,-1,-1,-1
234,1259,356.65,73.43,130.79,394.26,1,-1,-1,-1
235,1248,267.98,106.75,76.20,230.33,1,-1,-1,-1
235,1259,363.93,78.78,128.66,387.85,1,-1,-1,-1
236,1248,280.91,106.38,74.14,224.14,1,-1,-1,-1
236,1259,365.05,65.00,134.48,405.38,1,-1,-1,-1
237,1248,291.34,110.89,70.08,211.91,1,-1,-1,-1
237,1259,383.92,75.01,130.34,392.92,1,-1,-1,-1
238,1248,299.02,107.72,72.06,217.92,1,-1,-1,-1
238,1259,390.80,78.70,128.85,388.44,1,-1,-1,-1
239,1248,306.83,111.21,69.46,210.09,1,-1,-1,-1
239,1259,408.20,92.81,122.51,369.33,1,-1,-1,-1
240,1248,309.40,112.47,68.53,207.32,1,-1,-1,-1
240,1259,416.71,84.75,126.22,380.53,1,-1,-1,-1
241,1248,313.77,116.61,65.12,197.02,1,-1,-1,-1
241,1259,419.55,81.87,127.55,384.56,1,-1,-1,-1
242,1248,315.05,118.07,63.92,193.43,1,-1,-1,-1
242,1259,434.03,93.35,122.34,368.86,1,-1,-1,-1
243,1248,315.30,118.53,63.54,192.32,1,-1,-1,-1
243,1259,442.72,84.66,126.31,380.83,1,-1,-1,-1
244,1248,316.30,110.21,69.94,211.68,1,-1,-1,-1
244,1259,429.80,85.22,133.89,403.68,1,-1,-1,-1
245,1248,323.99,115.30,66.01,199.83,1,-1,-1,-1
246,1248,326.77,117.36,64.44,195.10,1,-1,-1,-1
247,1248,327.62,118.07,63.90,193.47,1,-1,-1,-1
248,1248,315.40,114.59,66.82,202.35,1,-1,-1,-1
249,1248,316.66,119.75,62.04,187.90,1,-1,-1,-1
250,1248,320.50,115.05,66.28,200.72,1,-1,-1,-1
250,1263,409.00,169.00,39.00,119.00,1,-1,-1,-1
251,1248,324.78,117.04,64.72,196.03,1,-1,-1,-1
251,1263,411.76,165.08,41.18,125.64,1,-1,-1,-1
252,1248,327.97,120.67,61.24,185.52,1,-1,-1,-1
252,1263,416.03,167.60,39.78,121.37,1,-1,-1,-1
252,1259,492.63,155.81,99.34,299.58,1,-1,-1,-1
253,1248,337.19,131.85,57.22,173.38,1,-1,-1,-1
253,1263,417.35,168.62,39.21,119.65,1,-1,-1,-1
254,1248,340.50,134.23,58.57,177.47,1,-1,-1,-1
254,1263,415.89,167.06,43.30,132.10,1,-1,-1,-1
254,1265,464.23,147.77,56.42,171.15,1,-1,-1,-1
255,1248,341.60,135.02,59.04,178.93,1,-1,-1,-1
255,1263,415.40,166.54,44.66,136.22,1,-1,-1,-1
256,1248,341.79,136.82,56.56,171.46,1,-1,-1,-1
256,1263,413.80,170.43,43.10,131.47,1,-1,-1,-1
257,1248,349.37,137.39,55.66,168.74,1,-1,-1,-1
257,1266,91.51,136.76,55.57,168.71,1,-1,-1,-1
258,1248,344.45,135.92,58.08,176.08,1,-1,-1,-1
258,1266,68.50,134.93,58.66,178.10,1,-1,-1,-1
258,1263,416.66,139.19,59.63,181.81,1,-1,-1,-1
259,1248,342.55,136.93,56.31,170.74,1,-1,-1,-1
259,1267,180.14,30.86,148.29,446.86,1,-1,-1,-1
259,1268,493.46,168.44,48.25,146.74,1,-1,-1,-1
259,1263,409.58,126.61,68.66,209.24,1,-1,-1,-1
260,1248,338.27,130.25,64.36,195.13,1,-1,-1,-1
260,1267,165.40,32.51,156.51,471.63,1,-1,-1,-1
260,1263,394.96,126.47,75.71,230.58,1,-1,-1,-1
261,1248,332.85,141.65,58.99,178.88,1,-1,-1,-1
261,1267,152.31,31.45,151.23,455.72,1,-1,-1,-1
261,1263,378.95,126.56,78.64,239.38,1,-1,-1,-1
262,1267,148.53,31.02,149.10,449.29,1,-1,-1,-1
262,1263,356.68,121.82,83.29,253.39,1,-1,-1,-1
263,1267,125.98,30.88,148.40,447.20,1,-1,-1,-1
263,1263,337.10,119.98,85.13,258.83,1,-1,-1,-1
264,1267,118.76,30.84,148.19,446.55,1,-1,-1,-1
264,1263,318.41,119.37,85.78,260.69,1,-1,-1,-1
265,1267,116.74,30.83,148.13,446.38,1,-1,-1,-1
265,1263,290.24,105.58,93.95,285.35,1,-1,-1,-1
265,1248,366.36,157.93,52.65,159.69,1,-1,-1,-1
266,1263,278.46,113.60,89.32,271.18,1,-1,-1,-1
266,1248,370.23,159.58,51.92,157.50,1,-1,-1,-1
267,1263,301.23,128.43,66.00,200.41,1,-1,-1,-1
267,1248,364.30,152.96,51.68,156.81,1,-1,-1,-1
268,1263,311.77,135.06,55.89,169.71,1,-1,-1,-1
268,1248,357.21,140.82,56.84,172.45,1,-1,-1,-1
269,1263,315.16,129.53,52.76,160.23,1,-1,-1,-1
269,1248,354.04,137.99,56.10,170.23,1,-1,-1,-1
270,1263,308.41,110.24,54.43,165.29,1,-1,-1,-1
270,1248,345.21,121.93,55.79,169.30,1,-1,-1,-1
271,1248,333.92,97.21,58.33,177.01,1,-1,-1,-1
272,1248,319.71,58.31,62.07,188.33,1,-1,-1,-1
273,1248,314.29,43.50,63.50,192.65,1,-1,-1,-1
274,1248,308.75,48.78,67.02,203.31,1,-1,-1,-1
274,1271,267.50,80.03,44.95,136.84,1,-1,-1,-1
275,1271,267.50,97.03,44.95,136.84,1,-1,-1,-1
275,1263,293.51,71.60,67.46,204.78,1,-1,-1,-1
276,1271,267.50,124.16,44.95,136.84,1,-1,-1,-1
277,1263,281.65,100.00,68.62,208.26,1,-1,-1,-1
278,1263,270.02,107.97,68.55,208.01,1,-1,-1,-1
278,1267,55.84,28.78,138.47,417.28,1,-1,-1,-1
278,1271,283.42,188.77,44.95,136.84,1,-1,-1,-1
279,1263,256.76,119.96,68.54,207.92,1,-1,-1,-1
279,1267,36.53,30.18,145.28,437.79,1,-1,-1,-1
280,1263,244.14,130.38,71.79,217.73,1,-1,-1,-1
280,1267,10.85,30.60,147.30,443.90,1,-1,-1,-1
281,1263,255.59,129.29,59.04,179.09,1,-1,-1,-1
281,1273,148.78,132.83,64.95,196.74,1,-1,-1,-1
282,1263,256.35,142.98,48.91,148.41,1,-1,-1,-1
282,1273,153.98,110.13,80.36,243.41,1,-1,-1,-1
283,1263,261.69,148.02,50.50,153.26,1,-1,-1,-1
283,1273,144.34,99.42,94.34,285.74,1,-1,-1,-1
284,1263,271.34,156.28,48.55,147.38,1,-1,-1,-1
284,1273,146.24,103.63,95.21,288.36,1,-1,-1,-1
285,1263,281.43,152.32,50.34,152.84,1,-1,-1,-1
285,1273,154.40,98.50,99.04,299.91,1,-1,-1,-1
286,1263,298.57,157.46,48.64,147.69,1,-1,-1,-1
286,1273,162.67,104.64,95.88,290.30,1,-1,-1,-1
287,1263,309.83,164.58,45.82,139.17,1,-1,-1,-1
287,1273,173.89,99.63,98.55,298.34,1,-1,-1,-1
288,1273,178.00,97.89,99.40,300.88,1,-1,-1,-1
289,1273,181.93,92.21,109.04,329.99,1,-1,-1,-1
289,1278,362.02,56.93,92.25,278.65,1,-1,-1,-1
290,1273,197.68,90.10,112.66,340.88,1,-1,-1,-1
290,1278,376.94,62.74,101.87,307.70,1,-1,-1,-1
290,1279,281.85,154.21,55.23,168.51,1,-1,-1,-1
291,1273,203.99,89.46,113.92,344.61,1,-1,-1,-1
291,1279,294.37,147.18,60.95,185.94,1,-1,-1,-1
291,1280,156.21,158.63,59.63,180.89,1,-1,-1,-1
292,1273,215.71,77.97,119.40,361.12,1,-1,-1,-1
292,1279,303.36,122.58,73.71,224.83,1,-1,-1,-1
292,1280,167.42,158.63,59.63,180.89,1,-1,-1,-1
292,1263,328.35,170.26,51.26,155.70,1,-1,-1,-1
292,1278,410.86,52.74,118.40,357.60,1,-1,-1,-1
293,1273,220.14,73.60,121.44,367.21,1,-1,-1,-1
293,1281,30.86,30.86,148.29,446.86,1,-1,-1,-1
293,1263,337.64,163.02,56.95,172.97,1,-1,-1,-1
293,1278,419.47,35.89,126.63,382.42,1,-1,-1,-1
294,1273,237.19,72.03,122.09,369.08,1,-1,-1,-1
294,1281,50.77,50.79,140.62,423.74,1,-1,-1,-1
294,1263,348.66,160.39,59.04,179.30,1,-1,-1,-1
294,1278,439.49,29.69,129.52,391.13,1,-1,-1,-1
295,1273,238.21,58.22,127.75,386.11,1,-1,-1,-1
295,1281,60.58,36.71,146.04,440.07,1,-1,-1,-1
295,1263,360.68,159.29,59.85,181.72,1,-1,-1,-1
295,1278,450.61,10.10,143.16,432.26,1,-1,-1,-1
296,1273,241.62,38.91,142.07,429.30,1,-1,-1,-1
296,1281,80.81,51.51,140.34,422.90,1,-1,-1,-1
296,1263,373.06,158.86,60.12,182.54,1,-1,-1,-1
296,1278,471.92,17.15,125.38,378.58,1,-1,-1,-1
296,1280,215.76,191.63,40.03,121.46,1,-1,-1,-1
297,1273,242.88,31.42,147.65,446.03,1,-1,-1,-1
297,1281,86.92,56.52,138.41,417.09,1,-1,-1,-1
297,1263,386.83,146.86,65.94,200.16,1,-1,-1,-1
297,1280,218.32,186.98,38.76,117.66,1,-1,-1,-1
298,1273,233.78,9.81,156.46,472.52,1,-1,-1,-1
298,1281,102.97,73.91,131.19,395.37,1,-1,-1,-1
298,1263,398.33,153.80,62.56,189.88,1,-1,-1,-1
299,1281,113.19,63.66,135.47,408.27,1,-1,-1,-1
299,1263,405.16,144.80,66.87,202.91,1,-1,-1,-1
300,1263,428.30,153.12,62.79,190.54,1,-1,-1,-1
300,1279,368.57,155.40,46.10,140.57,1,-1,-1,-1
301,1263,440.40,157.14,58.35,177.08,1,-1,-1,-1
301,1279,369.92,165.19,44.62,136.06,1,-1,-1,-1
302,1263,449.54,158.16,59.34,180.07,1,-1,-1,-1
302,1279,375.86,161.48,46.49,141.70,1,-1,-1,-1
303,1263,456.77,148.87,62.52,189.69,1,-1,-1,-1
303,1279,384.50,160.22,47.14,143.65,1,-1,-1,-1
304,1263,459.29,145.38,63.71,193.28,1,-1,-1,-1
304,1279,388.49,158.68,45.21,137.77,1,-1,-1,-1
304,1281,177.56,189.50,100.17,301.94,1,-1,-1,-1
305,1263,463.03,141.66,67.15,203.68,1,-1,-1,-1
305,1279,388.60,143.66,51.94,158.23,1,-1,-1,-1
306,1263,469.52,142.62,65.49,198.64,1,-1,-1,-1
306,1279,392.57,146.43,51.76,157.64,1,-1,-1,-1
307,1263,500.70,133.26,74.53,226.00,1,-1,-1,-1
307,1279,389.46,154.20,49.37,150.35,1,-1,-1,-1
307,1287,306.47,148.08,55.57,168.71,1,-1,-1,-1
308,1263,512.14,129.84,77.84,235.98,1,-1,-1,-1
308,1279,390.64,140.80,56.09,170.74,1,-1,-1,-1
308,1287,306.47,148.08,55.57,168.71,1,-1,-1,-1
308,1288,352.05,181.81,42.52,129.46,1,-1,-1,-1
309,1263,517.98,123.49,82.74,250.79,1,-1,-1,-1
309,1279,398.83,136.15,58.43,177.79,1,-1,-1,-1
309,1287,304.68,146.86,58.69,178.19,1,-1,-1,-1
309,1288,359.04,184.31,39.83,121.25,1,-1,-1,-1
309,1289,136.68,56.16,125.52,378.79,1,-1,-1,-1
309,1291,471.40,169.00,39.00,119.00,1,-1,-1,-1
310,1263,520.03,121.02,84.66,256.53,1,-1,-1,-1
310,1279,402.56,143.59,54.38,165.45,1,-1,-1,-1
310,1287,304.11,146.47,59.68,181.17,1,-1,-1,-1
310,1288,361.34,188.85,41.27,125.66,1,-1,-1,-1
310,1289,139.42,56.57,134.89,407.06,1,-1,-1,-1
310,1291,465.72,171.68,41.18,125.64,1,-1,-1,-1
311,1263,506.51,118.94,93.39,282.91,1,-1,-1,-1
311,1279,403.73,146.75,52.68,160.27,1,-1,-1,-1
311,1287,303.95,146.37,59.95,181.99,1,-1,-1,-1
311,1288,367.77,192.61,39.60,120.57,1,-1,-1,-1
311,1289,140.42,56.72,138.36,417.50,1,-1,-1,-1
311,1291,457.32,172.59,41.91,127.88,1,-1,-1,-1
312,1263,504.58,115.03,105.78,320.32,1,-1,-1,-1
312,1279,400.58,147.47,54.57,165.97,1,-1,-1,-1
312,1287,304.60,111.89,73.32,222.54,1,-1,-1,-1
312,1288,370.22,191.16,41.15,125.31,1,-1,-1,-1
312,1289,140.69,56.76,139.28,420.27,1,-1,-1,-1
312,1291,449.92,176.13,40.01,122.08,1,-1,-1,-1
313,1263,495.92,103.64,115.68,350.16,1,-1,-1,-1
313,1279,399.38,147.73,55.25,168.03,1,-1,-1,-1
313,1288,370.16,187.24,43.79,133.34,1,-1,-1,-1
313,1291,442.73,169.49,43.59,132.97,1,-1,-1,-1
314,1263,492.08,98.95,119.74,362.33,1,-1,-1,-1
314,1279,398.78,147.85,55.51,168.80,1,-1,-1,-1
314,1288,370.02,185.78,44.73,136.21,1,-1,-1,-1
314,1291,439.63,174.50,40.78,124.42,1,-1,-1,-1
314,1289,154.74,75.98,131.21,395.90,1,-1,-1,-1
315,1263,490.23,97.13,121.29,366.93,1,-1,-1,-1
315,1279,391.99,99.59,78.54,238.66,1,-1,-1,-1
315,1288,374.32,187.44,47.25,143.86,1,-1,-1,-1
315,1289,145.45,84.24,135.73,409.51,1,-1,-1,-1
316,1263,494.89,84.49,127.26,384.87,1,-1,-1,-1
316,1279,384.00,120.87,73.86,224.36,1,-1,-1,-1
316,1288,382.31,188.05,48.17,146.67,1,-1,-1,-1
316,1289,149.45,70.62,143.88,434.07,1,-1,-1,-1
316,1293,26.66,134.07,63.07,191.33,1,-1,-1,-1
316,1287,312.41,138.77,65.39,198.44,1,-1,-1,-1
317,1263,501.40,65.63,135.36,409.23,1,-1,-1,-1
317,1288,392.03,189.25,44.37,135.10,1,-1,-1,-1
317,1289,136.80,47.20,153.91,464.28,1,-1,-1,-1
317,1293,26.93,131.72,63.72,193.31,1,-1,-1,-1
317,1287,313.27,143.13,64.00,194.21,1,-1,-1,-1
318,1288,401.47,189.69,42.80,130.31,1,-1,-1,-1
318,1289,149.97,67.94,138.35,417.34,1,-1,-1,-1
318,1293,34.97,133.51,60.65,183.99,1,-1,-1,-1
318,1287,322.48,144.44,63.58,192.91,1,-1,-1,-1
319,1289,150.80,63.86,145.01,437.40,1,-1,-1,-1
319,1293,35.66,144.64,56.57,171.62,1,-1,-1,-1
319,1287,325.68,144.83,63.46,192.55,1,-1,-1,-1
319,1291,422.66,180.40,50.90,155.24,1,-1,-1,-1
320,1289,181.12,59.84,140.75,424.54,1,-1,-1,-1
320,1293,37.54,137.75,58.40,177.17,1,-1,-1,-1
320,1291,433.73,174.63,54.15,165.08,1,-1,-1,-1
321,1289,192.81,58.16,139.07,419.42,1,-1,-1,-1
321,1293,52.35,137.25,56.15,170.35,1,-1,-1,-1
321,1291,446.16,171.83,53.05,161.67,1,-1,-1,-1
322,1289,205.56,55.00,132.24,398.82,1,-1,-1,-1
322,1293,65.53,128.99,55.41,168.12,1,-1,-1,-1
322,1291,465.20,163.84,54.96,167.42,1,-1,-1,-1
322,1296,157.31,108.43,63.07,191.33,1,-1,-1,-1
322,1273,464.50,112.29,79.67,240.72,1,-1,-1,-1
322,1279,385.87,113.29,78.50,238.34,1,-1,-1,-1
323,1289,220.18,37.37,135.99,410.13,1,-1,-1,-1
323,1293,77.74,126.14,55.21,167.50,1,-1,-1,-1
323,1291,465.21,161.84,45.20,137.73,1,-1,-1,-1
323,1296,147.22,115.64,63.72,193.31,1,-1,-1,-1
323,1273,495.59,153.98,58.36,176.52,1,-1,-1,-1
323,1279,396.60,112.96,78.74,238.96,1,-1,-1,-1
324,1289,232.56,47.08,131.20,395.66,1,-1,-1,-1
324,1293,77.35,122.99,57.95,175.81,1,-1,-1,-1
324,1291,470.47,157.10,42.94,130.84,1,-1,-1,-1
324,1296,144.54,89.82,75.35,228.57,1,-1,-1,-1
324,1273,516.59,160.15,52.00,157.39,1,-1,-1,-1
324,1279,400.27,102.35,78.84,239.17,1,-1,-1,-1
325,1289,240.22,35.99,142.36,429.29,1,-1,-1,-1
325,1293,85.13,121.91,58.94,178.83,1,-1,-1,-1
325,1296,132.82,81.36,79.16,240.09,1,-1,-1,-1
325,1273,541.83,161.18,53.86,163.09,1,-1,-1,-1
325,1279,412.06,98.38,78.88,239.23,1,-1,-1,-1
326,1289,242.93,32.05,146.33,441.24,1,-1,-1,-1
326,1293,79.72,121.58,59.34,180.02,1,-1,-1,-1
326,1296,123.03,82.46,84.18,255.29,1,-1,-1,-1
326,1273,550.43,149.84,60.63,183.65,1,-1,-1,-1
326,1279,426.96,96.92,78.91,239.23,1,-1,-1,-1
327,1289,251.32,29.28,141.40,426.38,1,-1,-1,-1
327,1293,78.14,132.15,54.32,164.83,1,-1,-1,-1
327,1296,108.22,83.20,85.93,260.55,1,-1,-1,-1
327,1273,561.90,146.03,62.91,190.55,1,-1,-1,-1
327,1279,430.33,89.68,82.66,250.55,1,-1,-1,-1
328,1289,266.15,29.63,146.04,440.32,1,-1,-1,-1
328,1296,95.50,75.78,90.40,274.05,1,-1,-1,-1
328,1273,572.80,146.25,60.85,184.35,1,-1,-1,-1
328,1279,431.50,87.00,84.08,254.77,1,-1,-1,-1
329,1289,271.44,29.80,147.73,445.41,1,-1,-1,-1
329,1296,69.69,63.76,96.23,291.65,1,-1,-1,-1
329,1273,575.89,146.36,60.03,181.91,1,-1,-1,-1
329,1279,434.83,81.53,92.83,281.20,1,-1,-1,-1
330,1289,279.58,46.84,141.85,427.66,1,-1,-1,-1
330,1296,47.23,59.19,98.41,298.20,1,-1,-1,-1
330,1273,558.76,112.57,72.87,220.77,1,-1,-1,-1
330,1279,440.91,87.74,92.02,278.68,1,-1,-1,-1
331,1289,282.29,34.95,139.52,420.63,1,-1,-1,-1
331,1296,26.91,60.34,103.60,313.85,1,-1,-1,-1
331,1273,556.21,94.51,80.85,244.89,1,-1,-1,-1
331,1279,447.62,93.12,83.96,254.24,1,-1,-1,-1
332,1289,276.45,31.89,145.29,438.00,1,-1,-1,-1
332,1296,5.88,49.49,110.31,334.07,1,-1,-1,-1
332,1273,561.77,93.53,80.59,244.08,1,-1,-1,-1
332,1279,448.56,88.45,84.53,255.94,1,-1,-1,-1
333,1289,274.17,30.79,147.40,444.37,1,-1,-1,-1
333,1296,-2.19,43.40,108.17,327.50,1,-1,-1,-1
333,1273,563.67,93.56,80.32,243.23,1,-1,-1,-1
333,1279,457.82,78.76,88.76,268.69,1,-1,-1,-1
334,1289,273.04,30.41,148.20,446.76,1,-1,-1,-1
334,1273,571.30,103.80,73.48,222.51,1,-1,-1,-1
334,1279,457.06,78.59,94.57,286.20,1,-1,-1,-1
334,1302,406.64,118.94,74.75,226.14,1,-1,-1,-1
335,1289,264.08,31.72,155.48,468.67,1,-1,-1,-1
335,1273,573.90,108.25,70.62,213.88,1,-1,-1,-1
335,1279,460.73,75.22,92.62,280.29,1,-1,-1,-1
335,1302,414.77,114.28,78.08,236.23,1,-1,-1,-1
335,1296,22.42,102.52,71.92,217.77,1,-1,-1,-1
336,1289,268.81,30.85,151.32,456.13,1,-1,-1,-1
336,1273,583.97,100.67,69.55,210.64,1,-1,-1,-1
336,1279,461.97,73.98,91.77,277.66,1,-1,-1,-1
336,1302,417.39,125.04,79.16,239.48,1,-1,-1,-1
336,1296,24.62,105.66,64.92,196.60,1,-1,-1,-1
337,1289,258.61,29.24,143.01,431.08,1,-1,-1,-1
337,1279,462.29,73.59,91.41,276.55,1,-1,-1,-1
337,1296,23.54,110.40,60.02,181.81,1,-1,-1,-1
338,1289,258.15,9.93,153.69,463.24,1,-1,-1,-1
338,1279,474.36,73.52,91.26,276.05,1,-1,-1,-1
338,1296,23.46,111.64,58.66,177.72,1,-1,-1,-1
338,1302,431.88,115.76,79.21,239.65,1,-1,-1,-1
339,1289,266.17,3.11,150.59,453.87,1,-1,-1,-1
339,1279,478.81,73.57,91.18,275.78,1,-1,-1,-1
339,1296,23.60,111.85,58.37,176.84,1,-1,-1,-1
339,1302,434.26,114.02,78.97,238.92,1,-1,-1,-1
340,1289,260.90,0.56,156.33,471.15,1,-1,-1,-1
340,1279,489.96,64.16,95.44,288.63,1,-1,-1,-1
340,1296,15.90,108.13,61.43,186.14,1,-1,-1,-1
340,1302,446.06,113.44,78.90,238.70,1,-1,-1,-1
341,1289,267.14,19.07,151.52,456.66,1,-1,-1,-1
341,1279,503.25,63.42,101.56,307.11,1,-1,-1,-1
341,1302,460.35,106.97,82.79,250.47,1,-1,-1,-1
342,1289,269.51,26.54,149.56,450.75,1,-1,-1,-1
342,1279,517.04,51.65,108.72,328.69,1,-1,-1,-1
342,1302,476.61,110.70,80.41,243.26,1,-1,-1,-1
343,1289,295.32,28.03,142.21,428.60,1,-1,-1,-1
343,1279,529.51,55.83,102.31,309.26,1,-1,-1,-1
343,1302,482.42,112.19,79.46,240.39,1,-1,-1,-1
344,1289,299.69,9.81,146.13,440.40,1,-1,-1,-1
344,1279,547.19,57.80,99.50,300.77,1,-1,-1,-1
344,1304,429.80,97.00,79.00,239.00,1,-1,-1,-1
345,1289,327.06,20.42,134.86,406.45,1,-1,-1,-1
345,1304,432.27,97.00,79.00,239.00,1,-1,-1,-1
345,1305,59.88,109.10,60.54,183.50,1,-1,-1,-1
345,1302,522.78,112.81,79.07,239.22,1,-1,-1,-1
346,1289,325.21,6.94,150.91,454.83,1,-1,-1,-1
346,1304,445.54,97.00,79.00,239.00,1,-1,-1,-1
346,1305,70.75,119.42,59.86,181.45,1,-1,-1,-1
346,1296,11.62,121.44,59.68,180.85,1,-1,-1,-1
346,1279,554.96,98.78,92.98,281.06,1,-1,-1,-1
347,1289,345.21,2.34,156.35,471.20,1,-1,-1,-1
347,1305,88.20,125.22,56.47,171.19,1,-1,-1,-1
347,1296,27.01,132.32,56.89,172.44,1,-1,-1,-1
348,1289,347.13,0.60,165.90,499.94,1,-1,-1,-1
348,1296,33.85,126.09,58.69,177.90,1,-1,-1,-1
349,1289,376.52,19.07,155.43,468.38,1,-1,-1,-1
349,1296,44.27,123.88,59.32,179.84,1,-1,-1,-1
349,1307,209.00,161.00,39.00,119.00,1,-1,-1,-1
350,1289,387.99,26.79,150.99,455.01,1,-1,-1,-1
350,1296,46.07,125.10,56.90,172.54,1,-1,-1,-1
350,1307,202.83,161.00,39.00,119.00,1,-1,-1,-1
351,1296,48.87,123.40,58.68,177.93,1,-1,-1,-1
351,1307,200.77,161.00,39.00,119.00,1,-1,-1,-1
352,1307,194.30,161.00,39.00,119.00,1,-1,-1,-1
352,1304,486.51,65.29,103.63,313.45,1,-1,-1,-1
353,1307,192.33,155.21,39.00,119.00,1,-1,-1,-1
353,1304,504.04,53.84,115.09,348.06,1,-1,-1,-1
353,1305,146.47,110.97,59.55,180.54,1,-1,-1,-1
354,1307,191.83,158.88,39.00,119.00,1,-1,-1,-1
354,1304,510.92,49.35,119.63,361.71,1,-1,-1,-1
354,1305,150.56,120.39,57.07,173.03,1,-1,-1,-1
355,1305,136.36,131.44,56.17,170.32,1,-1,-1,-1
355,1289,389.44,3.65,158.30,477.02,1,-1,-1,-1
356,1305,130.95,127.82,55.83,169.32,1,-1,-1,-1
356,1307,171.85,134.48,46.40,141.56,1,-1,-1,-1
357,1305,128.74,126.44,55.70,168.94,1,-1,-1,-1
357,1293,182.04,114.10,55.59,168.69,1,-1,-1,-1
358,1305,127.74,125.90,55.65,168.80,1,-1,-1,-1
358,1293,183.10,121.69,55.61,168.77,1,-1,-1,-1
359,1305,127.23,140.75,55.63,168.74,1,-1,-1,-1
359,1293,184.03,138.31,58.30,176.92,1,-1,-1,-1
359,1289,388.12,29.29,158.96,478.99,1,-1,-1,-1
360,1305,135.35,173.92,46.60,141.41,1,-1,-1,-1
360,1293,189.58,152.86,54.20,164.52,1,-1,-1,-1
360,1289,387.12,32.48,158.97,479.00,1,-1,-1,-1
361,1305,138.33,165.14,50.03,151.86,1,-1,-1,-1
361,1293,185.44,158.52,55.09,167.23,1,-1,-1,-1
361,1289,386.78,33.55,158.97,479.00,1,-1,-1,-1
361,1309,-3.59,124.33,90.35,272.67,1,-1,-1,-1
362,1305,139.34,155.56,51.07,155.03,1,-1,-1,-1
362,1293,182.86,160.41,52.91,160.62,1,-1,-1,-1
362,1289,408.99,32.47,151.93,457.79,1,-1,-1,-1
362,1309,-18.43,60.10,108.27,326.75,1,-1,-1,-1
363,1305,140.01,158.23,49.17,149.28,1,-1,-1,-1
363,1293,188.91,160.90,52.07,158.11,1,-1,-1,-1
363,1289,394.46,33.38,156.42,471.30,1,-1,-1,-1
363,1309,-21.77,54.08,108.15,326.37,1,-1,-1,-1
363,1296,101.27,174.52,45.40,137.77,1,-1,-1,-1
364,1305,146.79,159.65,50.81,154.28,1,-1,-1,-1
364,1293,192.61,160.97,54.31,164.90,1,-1,-1,-1
364,1289,389.16,33.68,158.05,476.20,1,-1,-1,-1
365,1305,141.25,160.15,53.88,163.61,1,-1,-1,-1
365,1293,193.91,160.93,55.13,167.38,1,-1,-1,-1
365,1289,387.03,33.73,158.67,478.08,1,-1,-1,-1
366,1305,139.10,152.96,55.04,167.12,1,-1,-1,-1
366,1293,192.76,153.80,52.97,160.84,1,-1,-1,-1
366,1289,388.87,32.28,151.88,457.61,1,-1,-1,-1
367,1305,144.53,141.14,58.11,176.41,1,-1,-1,-1
367,1293,201.37,142.82,54.65,165.95,1,-1,-1,-1
367,1289,409.56,31.66,149.27,449.75,1,-1,-1,-1
368,1305,154.34,136.62,59.27,179.92,1,-1,-1,-1
368,1293,209.34,146.73,52.80,160.33,1,-1,-1,-1
368,1289,412.78,11.40,163.14,491.53,1,-1,-1,-1
369,1305,173.23,143.72,57.11,173.36,1,-1,-1,-1
369,1293,222.59,154.82,49.73,151.04,1,-1,-1,-1
369,1289,409.30,4.14,176.00,530.23,1,-1,-1,-1
369,1309,16.17,66.26,85.78,258.91,1,-1,-1,-1
370,1305,180.52,146.56,56.22,170.67,1,-1,-1,-1
370,1293,231.24,158.32,50.98,154.84,1,-1,-1,-1
370,1289,415.22,21.67,165.96,499.99,1,-1,-1,-1
370,1309,21.74,64.52,99.89,301.50,1,-1,-1,-1
371,1305,183.68,146.59,58.53,177.68,1,-1,-1,-1
371,1293,241.22,159.53,51.42,156.20,1,-1,-1,-1
371,1289,417.44,29.09,161.65,487.01,1,-1,-1,-1
371,1309,23.49,64.00,102.73,310.08,1,-1,-1,-1
372,1305,191.51,147.61,56.78,172.36,1,-1,-1,-1
372,1293,248.85,152.46,54.09,164.28,1,-1,-1,-1
372,1289,438.02,10.56,167.64,505.02,1,-1,-1,-1
372,1309,23.92,63.87,103.89,313.59,1,-1,-1,-1
373,1305,203.94,154.97,51.25,155.62,1,-1,-1,-1
373,1293,254.45,157.12,52.64,159.90,1,-1,-1,-1
373,1309,37.95,63.87,104.34,314.96,1,-1,-1,-1
374,1305,211.31,158.29,51.52,156.44,1,-1,-1,-1
374,1293,263.33,158.93,52.07,158.16,1,-1,-1,-1
374,1309,43.08,63.91,104.51,315.48,1,-1,-1,-1
375,1305,220.84,159.42,51.62,156.74,1,-1,-1,-1
375,1293,271.50,152.08,54.34,165.07,1,-1,-1,-1
375,1309,56.01,74.22,99.90,301.59,1,-1,-1,-1
376,1305,227.38,159.29,49.33,149.82,1,-1,-1,-1
376,1293,276.29,156.87,52.74,160.21,1,-1,-1,-1
376,1309,63.53,67.73,102.90,310.63,1,-1,-1,-1
377,1305,229.50,159.17,48.48,147.25,1,-1,-1,-1
377,1293,277.80,158.74,52.11,158.28,1,-1,-1,-1
377,1309,66.12,65.40,103.98,313.89,1,-1,-1,-1
378,1305,229.89,151.99,53.07,161.20,1,-1,-1,-1
378,1293,283.72,151.93,54.36,165.12,1,-1,-1,-1
378,1309,66.86,64.52,104.39,315.14,1,-1,-1,-1
379,1305,233.86,149.89,52.29,158.82,1,-1,-1,-1
379,1293,287.19,156.74,52.75,160.23,1,-1,-1,-1
379,1309,55.00,52.27,109.52,330.61,1,-1,-1,-1
379,1311,448.55,176.10,39.61,120.72,1,-1,-1,-1
380,1305,235.12,156.04,51.96,157.85,1,-1,-1,-1
380,1293,286.79,151.14,54.60,165.86,1,-1,-1,-1
380,1309,48.48,59.44,106.55,321.64,1,-1,-1,-1
380,1311,454.22,186.56,33.36,101.70,1,-1,-1,-1
381,1305,235.41,158.36,51.84,157.48,1,-1,-1,-1
381,1293,294.84,156.43,52.84,160.49,1,-1,-1,-1
381,1309,47.75,65.40,110.33,333.05,1,-1,-1,-1
381,1311,456.97,179.18,37.75,115.06,1,-1,-1,-1
381,1312,519.22,169.61,51.03,155.22,1,-1,-1,-1
382,1305,235.35,159.22,51.80,157.35,1,-1,-1,-1
382,1293,297.63,158.00,49.81,151.30,1,-1,-1,-1
382,1309,33.78,54.99,116.97,353.09,1,-1,-1,-1
382,1312,520.93,161.88,54.39,165.43,1,-1,-1,-1
382,1313,284.64,105.50,73.64,222.93,1,-1,-1,-1
383,1305,244.43,165.54,49.47,150.29,1,-1,-1,-1
383,1293,291.33,159.08,51.04,155.05,1,-1,-1,-1
383,1309,27.35,63.45,114.32,345.07,1,-1,-1,-1
383,1312,522.28,158.57,58.57,178.12,1,-1,-1,-1
383,1313,284.64,105.50,73.64,222.93,1,-1,-1,-1
384,1305,245.38,161.78,50.93,154.75,1,-1,-1,-1
384,1293,289.02,159.45,51.48,156.39,1,-1,-1,-1
384,1309,23.74,63.94,108.22,326.68,1,-1,-1,-1
384,1312,518.47,144.63,66.24,201.43,1,-1,-1,-1
384,1313,275.60,98.89,77.77,235.43,1,-1,-1,-1
385,1305,241.42,159.92,49.16,149.38,1,-1,-1,-1
385,1293,286.59,152.13,54.13,164.44,1,-1,-1,-1
385,1309,22.39,64.13,105.85,319.50,1,-1,-1,-1
385,1312,520.00,142.08,65.93,200.45,1,-1,-1,-1
385,1313,272.76,96.81,79.08,239.36,1,-1,-1,-1
386,1305,240.51,152.10,53.35,162.08,1,-1,-1,-1
386,1293,285.62,149.38,55.12,167.44,1,-1,-1,-1
386,1309,7.85,54.31,115.40,348.32,1,-1,-1,-1
386,1312,520.64,141.55,65.49,199.07,1,-1,-1,-1
386,1313,273.68,88.95,83.48,252.68,1,-1,-1,-1
387,1305,239.38,156.08,50.18,152.46,1,-1,-1,-1
387,1293,285.14,148.33,55.50,168.59,1,-1,-1,-1
387,1309,15.21,95.43,104.32,314.91,1,-1,-1,-1
387,1312,517.90,139.16,68.27,207.49,1,-1,-1,-1
387,1313,274.10,74.61,84.98,257.22,1,-1,-1,-1
388,1305,235.95,158.25,51.21,155.62,1,-1,-1,-1
388,1293,284.88,147.94,55.64,168.99,1,-1,-1,-1
388,1309,26.84,141.09,87.10,262.98,1,-1,-1,-1
388,1312,521.55,135.17,72.49,220.24,1,-1,-1,-1
388,1313,262.84,80.93,85.44,258.59,1,-1,-1,-1
389,1305,237.39,165.02,49.29,149.78,1,-1,-1,-1
389,1293,284.72,155.24,55.68,169.11,1,-1,-1,-1
389,1309,8.33,118.58,99.01,298.94,1,-1,-1,-1
389,1312,526.53,129.67,77.46,235.28,1,-1,-1,-1
389,1313,257.83,90.45,81.70,247.27,1,-1,-1,-1
390,1305,228.02,161.51,50.89,154.64,1,-1,-1,-1
390,1293,279.08,158.00,53.22,161.66,1,-1,-1,-1
390,1312,528.48,127.62,79.36,240.97,1,-1,-1,-1
390,1313,257.05,79.02,88.20,266.90,1,-1,-1,-1
391,1305,221.31,159.73,49.18,149.46,1,-1,-1,-1
391,1293,269.78,159.05,52.26,158.75,1,-1,-1,-1
391,1312,520.70,115.65,87.54,265.72,1,-1,-1,-1
391,1313,244.86,74.97,90.50,273.84,1,-1,-1,-1
392,1305,214.99,159.52,50.85,154.54,1,-1,-1,-1
392,1293,267.69,172.07,49.58,150.61,1,-1,-1,-1
392,1312,516.16,103.71,94.76,287.54,1,-1,-1,-1
392,1313,247.81,116.39,76.94,232.83,1,-1,-1,-1
393,1305,212.84,164.08,47.03,142.96,1,-1,-1,-1
393,1293,258.42,164.06,50.95,154.77,1,-1,-1,-1
393,1312,514.28,98.97,97.64,296.16,1,-1,-1,-1
393,1313,239.51,77.45,91.26,276.13,1,-1,-1,-1
394,1305,215.72,167.24,47.75,145.15,1,-1,-1,-1
394,1293,255.14,161.19,51.44,156.27,1,-1,-1,-1
394,1312,518.76,92.22,107.83,326.91,1,-1,-1,-1
394,1313,238.99,82.01,87.85,265.79,1,-1,-1,-1
395,1305,206.06,162.30,50.33,152.97,1,-1,-1,-1
395,1293,255.76,159.58,49.32,149.85,1,-1,-1,-1
395,1312,527.51,94.54,102.88,311.82,1,-1,-1,-1
395,1313,246.13,101.26,75.64,228.88,1,-1,-1,-1
396,1305,202.50,160.45,51.29,155.89,1,-1,-1,-1
396,1293,256.11,158.95,48.51,147.41,1,-1,-1,-1
396,1312,523.93,90.80,109.83,332.76,1,-1,-1,-1
396,1313,232.28,46.91,100.94,305.34,1,-1,-1,-1
397,1305,198.83,165.67,49.37,150.08,1,-1,-1,-1
397,1293,254.47,159.21,50.57,153.68,1,-1,-1,-1
397,1312,522.57,89.42,112.46,340.59,1,-1,-1,-1
397,1313,233.80,40.18,100.02,302.53,1,-1,-1,-1
398,1305,194.44,161.66,53.45,162.46,1,-1,-1,-1
398,1293,251.00,159.34,53.79,163.43,1,-1,-1,-1
398,1312,521.67,64.62,123.97,375.30,1,-1,-1,-1
398,1313,234.91,37.80,99.29,300.28,1,-1,-1,-1
399,1305,202.15,166.03,50.27,152.81,1,-1,-1,-1
399,1293,254.32,165.23,50.34,152.96,1,-1,-1,-1
399,1313,228.97,26.29,108.32,327.52,1,-1,-1,-1
400,1305,203.38,161.74,53.79,163.49,1,-1,-1,-1
400,1293,250.99,161.52,53.79,163.44,1,-1,-1,-1
400,1313,233.06,32.52,102.58,310.14,1,-1,-1,-1
401,1305,201.81,160.19,52.64,159.97,1,-1,-1,-1
401,1293,245.85,160.18,52.59,159.80,1,-1,-1,-1
401,1313,224.61,46.00,95.65,289.18,1,-1,-1,-1
402,1305,195.84,152.14,54.62,165.99,1,-1,-1,-1
402,1293,246.15,159.13,49.79,151.29,1,-1,-1,-1
402,1313,218.95,40.91,97.28,294.08,1,-1,-1,-1
403,1305,198.97,156.46,52.93,160.84,1,-1,-1,-1
403,1293,246.36,165.38,48.71,148.04,1,-1,-1,-1
403,1313,216.95,39.13,97.85,295.78,1,-1,-1,-1
404,1305,200.29,158.21,52.24,158.74,1,-1,-1,-1
404,1293,246.49,167.64,48.33,146.88,1,-1,-1,-1
404,1313,216.32,38.61,98.02,296.28,1,-1,-1,-1
405,1305,195.38,151.42,54.45,165.46,1,-1,-1,-1
405,1293,246.59,161.86,48.19,146.49,1,-1,-1,-1
405,1313,216.20,38.57,98.04,296.31,1,-1,-1,-1
406,1305,196.58,155.75,50.57,153.67,1,-1,-1,-1
406,1293,244.39,160.19,50.48,153.44,1,-1,-1,-1
406,1313,216.27,25.74,98.00,296.18,1,-1,-1,-1
407,1305,197.16,157.54,48.99,148.89,1,-1,-1,-1
407,1293,247.60,152.23,53.78,163.44,1,-1,-1,-1
407,1313,212.76,21.91,102.57,309.97,1,-1,-1,-1
408,1305,199.84,151.60,50.78,154.32,1,-1,-1,-1
408,1293,251.70,149.64,52.63,159.94,1,-1,-1,-1
408,1313,211.49,20.57,104.27,315.08,1,-1,-1,-1
409,1305,200.82,149.46,51.42,156.28,1,-1,-1,-1
409,1293,253.39,148.67,52.14,158.47,1,-1,-1,-1
409,1313,214.69,19.29,100.32,303.13,1,-1,-1,-1
410,1305,194.26,148.68,51.67,157.04,1,-1,-1,-1
410,1293,247.06,148.34,51.95,157.89,1,-1,-1,-1
410,1313,203.00,19.01,98.70,298.22,1,-1,-1,-1
411,1305,189.87,154.89,49.46,150.33,1,-1,-1,-1
411,1293,244.68,148.26,51.88,157.65,1,-1,-1,-1
411,1313,198.72,19.03,98.07,296.30,1,-1,-1,-1
412,1305,185.98,162.57,46.42,141.09,1,-1,-1,-1
412,1293,239.56,154.74,49.54,150.56,1,-1,-1,-1
412,1313,192.62,20.09,102.47,309.57,1,-1,-1,-1
413,1305,180.19,160.09,47.52,144.46,1,-1,-1,-1
413,1293,237.66,157.27,48.64,147.83,1,-1,-1,-1
413,1313,184.59,6.84,108.98,329.22,1,-1,-1,-1
414,1305,178.18,159.21,47.91,145.66,1,-1,-1,-1
414,1293,234.24,151.63,50.65,153.95,1,-1,-1,-1
414,1313,179.17,14.41,102.15,308.58,1,-1,-1,-1
415,1305,177.52,158.86,48.07,146.15,1,-1,-1,-1
415,1293,226.12,149.58,51.39,156.19,1,-1,-1,-1
415,1313,171.66,18.73,103.94,313.97,1,-1,-1,-1
416,1305,170.82,158.72,48.14,146.36,1,-1,-1,-1
416,1293,226.23,155.25,49.38,150.09,1,-1,-1,-1
416,1313,169.01,20.33,104.58,315.89,1,-1,-1,-1
417,1305,168.39,158.67,48.17,146.46,1,-1,-1,-1
417,1293,218.68,150.44,53.45,162.44,1,-1,-1,-1
417,1313,160.73,20.08,100.19,302.63,1,-1,-1,-1
418,1305,167.57,158.64,48.19,146.52,1,-1,-1,-1
418,1293,219.54,160.51,48.15,146.35,1,-1,-1,-1
418,1313,157.76,20.07,98.45,297.38,1,-1,-1,-1
419,1305,166.00,163.81,46.04,140.00,1,-1,-1,-1
419,1293,217.52,159.38,48.15,146.38,1,-1,-1,-1
419,1313,156.83,20.11,97.81,295.43,1,-1,-1,-1
420,1305,165.53,165.77,45.22,137.53,1,-1,-1,-1
420,1293,210.29,158.97,48.16,146.40,1,-1,-1,-1
420,1313,150.14,21.10,102.25,308.82,1,-1,-1,-1
421,1305,159.27,166.46,44.94,136.67,1,-1,-1,-1
421,1293,204.57,157.90,46.00,139.85,1,-1,-1,-1
421,1313,139.93,7.73,108.79,328.57,1,-1,-1,-1
421,1312,503.19,29.13,137.77,416.64,1,-1,-1,-1
422,1305,151.39,161.45,47.02,143.02,1,-1,-1,-1
422,1293,202.57,157.48,45.18,137.40,1,-1,-1,-1
422,1313,143.83,2.63,106.46,321.50,1,-1,-1,-1
422,1312,502.51,28.51,138.05,417.21,1,-1,-1,-1
423,1305,148.08,158.71,45.66,138.89,1,-1,-1,-1
423,1293,198.48,151.61,47.10,143.23,1,-1,-1,-1
423,1313,131.80,0.71,105.45,318.46,1,-1,-1,-1
423,1312,497.23,27.07,132.05,398.92,1,-1,-1,-1
424,1305,146.98,157.64,45.13,137.29,1,-1,-1,-1
424,1293,194.41,155.06,45.66,138.85,1,-1,-1,-1
424,1313,127.41,0.08,105.05,317.23,1,-1,-1,-1
424,1312,481.62,27.85,135.99,410.70,1,-1,-1,-1
425,1305,140.55,157.25,44.94,136.72,1,-1,-1,-1
425,1293,190.10,160.94,43.06,130.98,1,-1,-1,-1
425,1313,154.26,79.86,75.42,227.85,1,-1,-1,-1
425,1312,457.63,28.16,137.44,414.97,1,-1,-1,-1
426,1305,132.16,157.12,44.88,136.54,1,-1,-1,-1
426,1293,185.50,161.14,40.17,122.24,1,-1,-1,-1
426,1313,166.20,115.82,59.97,181.25,1,-1,-1,-1
426,1312,448.60,28.32,138.00,416.57,1,-1,-1,-1
427,1305,129.13,155.83,42.84,130.37,1,-1,-1,-1
427,1293,177.55,152.23,43.22,131.51,1,-1,-1,-1
427,1313,169.12,119.98,62.10,187.76,1,-1,-1,-1
427,1312,442.83,27.18,132.08,398.66,1,-1,-1,-1
428,1305,127.77,159.19,40.16,122.25,1,-1,-1,-1
428,1293,174.84,149.21,44.25,134.64,1,-1,-1,-1
428,1312,423.45,26.79,129.80,391.73,1,-1,-1,-1
429,1305,122.02,156.56,41.15,125.26,1,-1,-1,-1
429,1293,171.91,152.89,42.66,129.82,1,-1,-1,-1
429,1312,410.81,39.59,117.77,355.40,1,-1,-1,-1
430,1305,114.36,155.64,41.50,126.33,1,-1,-1,-1
430,1293,166.95,149.46,44.09,134.20,1,-1,-1,-1
430,1312,402.29,42.38,108.03,326.04,1,-1,-1,-1
430,1313,158.24,108.87,63.51,192.08,1,-1,-1,-1
431,1305,110.87,150.44,43.67,132.94,1,-1,-1,-1
431,1293,163.57,153.04,42.62,129.73,1,-1,-1,-1
431,1312,388.19,45.43,110.02,332.03,1,-1,-1,-1
432,1305,103.68,148.53,44.48,135.40,1,-1,-1,-1
432,1293,162.50,154.47,42.05,128.02,1,-1,-1,-1
432,1312,368.25,46.44,110.72,334.15,1,-1,-1,-1
433,1305,101.07,147.83,44.79,136.37,1,-1,-1,-1
433,1293,160.28,153.44,39.96,121.67,1,-1,-1,-1
433,1312,344.94,58.94,105.99,319.89,1,-1,-1,-1
434,1305,95.79,152.41,42.92,130.67,1,-1,-1,-1
434,1293,155.81,154.65,41.11,125.20,1,-1,-1,-1
434,1312,322.39,63.53,104.33,314.88,1,-1,-1,-1
435,1305,94.00,154.23,42.19,128.47,1,-1,-1,-1
435,1293,149.46,150.24,43.54,132.58,1,-1,-1,-1
436,1305,91.89,150.02,43.96,133.85,1,-1,-1,-1
436,1293,147.17,142.63,44.45,135.36,1,-1,-1,-1
437,1305,91.19,148.50,44.60,135.82,1,-1,-1,-1
437,1293,145.61,144.86,42.82,130.41,1,-1,-1,-1
438,1305,87.04,147.10,42.86,130.53,1,-1,-1,-1
438,1293,145.21,145.80,42.18,128.47,1,-1,-1,-1
439,1305,83.61,141.30,44.21,134.64,1,-1,-1,-1
439,1293,139.47,146.18,41.95,127.76,1,-1,-1,-1
441,1322,532.02,76.70,98.94,298.71,1,-1,-1,-1
441,1312,270.02,47.19,111.65,336.96,1,-1,-1,-1
442,1322,529.50,83.56,103.35,312.02,1,-1,-1,-1
442,1312,270.25,58.09,107.19,323.52,1,-1,-1,-1
443,1322,516.67,81.44,99.38,300.06,1,-1,-1,-1
443,1312,268.67,50.00,110.59,333.79,1,-1,-1,-1
443,1323,364.21,144.53,53.32,162.34,1,-1,-1,-1
444,1322,508.44,84.77,103.27,311.78,1,-1,-1,-1
444,1312,253.47,47.08,111.82,337.49,1,-1,-1,-1
444,1323,355.17,147.11,54.85,166.98,1,-1,-1,-1
444,1313,144.65,152.56,39.65,120.11,1,-1,-1,-1
445,1322,515.86,73.94,109.86,331.68,1,-1,-1,-1
445,1312,250.84,57.83,107.34,323.97,1,-1,-1,-1
445,1323,351.70,139.66,55.44,168.76,1,-1,-1,-1
445,1313,144.66,153.44,39.03,118.39,1,-1,-1,-1
446,1322,509.29,81.38,107.01,323.06,1,-1,-1,-1
446,1312,247.38,50.02,110.59,333.78,1,-1,-1,-1
446,1323,350.77,145.29,55.60,169.23,1,-1,-1,-1
446,1313,144.57,153.87,38.75,117.64,1,-1,-1,-1
446,1293,96.37,146.41,41.89,127.59,1,-1,-1,-1
447,1322,483.57,80.41,100.89,304.60,1,-1,-1,-1
447,1312,242.11,33.45,117.05,353.26,1,-1,-1,-1
447,1323,350.65,147.32,55.63,169.29,1,-1,-1,-1
447,1313,145.84,155.56,40.70,123.65,1,-1,-1,-1
447,1293,100.76,150.86,39.93,121.66,1,-1,-1,-1
448,1322,474.43,80.03,98.57,297.61,1,-1,-1,-1
448,1312,244.38,40.71,114.30,344.94,1,-1,-1,-1
448,1323,342.96,138.49,58.41,177.73,1,-1,-1,-1
448,1313,145.10,154.48,39.47,119.97,1,-1,-1,-1
448,1293,102.28,152.34,39.27,119.68,1,-1,-1,-1
449,1322,480.36,83.79,102.60,309.76,1,-1,-1,-1
449,1312,245.75,43.77,113.13,341.41,1,-1,-1,-1
449,1323,348.43,135.33,59.39,180.69,1,-1,-1,-1
449,1313,150.40,153.93,39.03,118.70,1,-1,-1,-1
449,1293,102.94,152.87,39.04,118.98,1,-1,-1,-1
450,1322,482.63,85.12,104.03,314.08,1,-1,-1,-1
450,1312,249.43,56.92,107.68,325.00,1,-1,-1,-1
450,1323,350.18,131.91,62.60,190.42,1,-1,-1,-1
450,1313,157.79,153.67,38.89,118.32,1,-1,-1,-1
450,1293,114.01,153.06,38.96,118.75,1,-1,-1,-1
451,1322,497.80,85.59,104.55,315.67,1,-1,-1,-1
451,1312,251.14,62.00,105.58,318.66,1,-1,-1,-1
451,1313,162.42,155.12,40.79,124.12,1,-1,-1,-1
451,1293,118.23,158.45,38.94,118.70,1,-1,-1,-1
452,1322,503.72,85.74,104.73,316.21,1,-1,-1,-1
452,1312,251.92,63.84,104.81,316.36,1,-1,-1,-1
452,1313,169.73,155.62,41.48,126.24,1,-1,-1,-1
452,1293,125.60,156.68,40.82,124.43,1,-1,-1,-1
453,1322,506.04,85.76,104.78,316.34,1,-1,-1,-1
453,1312,249.40,52.42,109.57,330.70,1,-1,-1,-1
453,1313,180.71,154.22,39.87,121.37,1,-1,-1,-1
453,1293,138.35,154.48,39.67,120.94,1,-1,-1,-1
454,1322,506.94,85.75,104.78,316.34,1,-1,-1,-1
454,1312,248.55,48.22,111.32,335.99,1,-1,-1,-1
454,1313,190.17,159.02,39.25,119.52,1,-1,-1,-1
454,1293,148.67,153.59,39.21,119.57,1,-1,-1,-1
455,1322,507.31,85.72,104.76,316.29,1,-1,-1,-1
455,1312,265.10,58.46,107.05,323.11,1,-1,-1,-1
455,1313,197.00,156.94,40.93,124.66,1,-1,-1,-1
455,1293,157.76,153.24,39.05,119.06,1,-1,-1,-1
456,1322,501.59,74.72,109.73,331.27,1,-1,-1,-1
456,1312,269.75,50.39,110.41,333.25,1,-1,-1,-1
456,1313,206.46,159.87,39.69,120.89,1,-1,-1,-1
456,1293,166.36,158.43,38.99,118.89,1,-1,-1,-1
457,1322,518.93,81.38,106.67,322.06,1,-1,-1,-1
457,1312,271.45,62.27,111.63,336.93,1,-1,-1,-1
457,1313,215.22,160.97,39.20,119.43,1,-1,-1,-1
457,1293,174.75,160.36,38.97,118.84,1,-1,-1,-1
458,1322,520.96,73.06,110.42,333.36,1,-1,-1,-1
458,1312,269.01,54.14,117.39,354.29,1,-1,-1,-1
458,1313,218.26,161.34,39.03,118.91,1,-1,-1,-1
459,1322,512.72,80.80,106.89,322.69,1,-1,-1,-1
459,1312,283.74,51.06,119.55,360.80,1,-1,-1,-1
459,1313,223.81,163.37,40.86,124.49,1,-1,-1,-1
460,1322,509.43,83.88,105.46,318.37,1,-1,-1,-1
460,1312,286.23,52.13,125.99,380.18,1,-1,-1,-1
460,1313,231.65,167.42,39.68,120.93,1,-1,-1,-1
461,1322,508.20,85.03,104.91,316.73,1,-1,-1,-1
461,1312,292.41,48.23,117.70,355.19,1,-1,-1,-1
461,1313,239.75,163.61,39.22,119.53,1,-1,-1,-1
462,1322,501.87,74.45,109.70,331.18,1,-1,-1,-1
462,1312,295.75,58.75,109.19,329.50,1,-1,-1,-1
462,1313,242.54,162.15,39.05,119.02,1,-1,-1,-1
462,1328,416.47,197.76,40.26,122.57,1,-1,-1,-1
463,1322,505.30,81.31,106.57,321.74,1,-1,-1,-1
463,1312,293.85,52.61,116.59,351.84,1,-1,-1,-1
463,1313,243.43,163.51,40.87,124.58,1,-1,-1,-1
463,1328,414.92,202.08,44.00,133.95,1,-1,-1,-1
464,1322,500.81,88.09,110.32,333.02,1,-1,-1,-1
464,1312,293.19,50.49,119.16,359.58,1,-1,-1,-1
464,1313,243.59,162.11,39.70,121.02,1,-1,-1,-1
465,1322,490.86,79.00,116.95,353.04,1,-1,-1,-1
465,1312,294.91,47.55,114.88,346.66,1,-1,-1,-1
465,1313,243.36,161.52,39.23,119.61,1,-1,-1,-1
466,1322,487.42,83.03,109.45,330.38,1,-1,-1,-1
466,1312,293.43,48.60,118.54,357.68,1,-1,-1,-1
466,1313,243.11,161.28,39.06,119.10,1,-1,-1,-1
466,1328,405.96,203.91,45.01,137.03,1,-1,-1,-1
467,1322,469.59,76.86,116.76,352.43,1,-1,-1,-1
467,1312,289.54,51.27,125.52,378.74,1,-1,-1,-1
467,1313,242.88,161.18,39.00,118.92,1,-1,-1,-1
468,1322,457.93,71.53,114.16,344.58,1,-1,-1,-1
468,1312,275.72,50.05,122.60,369.92,1,-1,-1,-1
468,1313,242.66,161.14,38.98,118.86,1,-1,-1,-1
469,1322,468.42,69.43,113.06,341.25,1,-1,-1,-1
469,1312,265.66,34.76,127.06,383.34,1,-1,-1,-1
470,1322,465.45,79.62,107.65,324.92,1,-1,-1,-1
470,1312,266.36,27.95,123.09,371.37,1,-1,-1,-1
470,1313,242.61,156.66,41.20,125.63,1,-1,-1,-1
471,1322,464.48,83.56,105.55,318.61,1,-1,-1,-1
471,1312,266.74,25.37,121.46,366.44,1,-1,-1,-1
472,1322,441.10,73.90,109.84,331.54,1,-1,-1,-1
472,1312,262.42,25.64,126.56,381.80,1,-1,-1,-1
473,1322,434.88,90.41,101.87,307.50,1,-1,-1,-1
473,1312,260.85,25.78,128.43,387.44,1,-1,-1,-1
474,1322,429.63,111.66,90.07,271.92,1,-1,-1,-1
474,1312,260.31,25.92,129.13,389.52,1,-1,-1,-1
475,1312,277.16,26.05,129.35,390.19,1,-1,-1,-1
476,1312,278.88,27.39,135.49,408.67,1,-1,-1,-1
476,1322,446.80,77.83,107.52,324.58,1,-1,-1,-1
477,1312,287.50,25.59,126.21,380.68,1,-1,-1,-1
477,1322,450.15,70.55,111.35,336.15,1,-1,-1,-1
478,1312,282.62,27.38,134.41,405.39,1,-1,-1,-1
478,1322,451.65,67.80,112.80,340.50,1,-1,-1,-1
479,1312,285.61,26.80,131.32,396.08,1,-1,-1,-1
479,1322,446.37,77.60,108.39,327.21,1,-1,-1,-1
480,1312,274.11,25.48,124.30,374.91,1,-1,-1,-1
480,1322,444.38,81.72,106.51,321.53,1,-1,-1,-1
480,1329,532.02,76.70,98.94,298.71,1,-1,-1,-1
481,1312,265.09,26.19,127.42,384.29,1,-1,-1,-1
481,1322,429.77,83.37,105.74,319.20,1,-1,-1,-1
481,1329,512.94,67.00,103.35,312.02,1,-1,-1,-1
482,1312,261.87,26.47,128.53,387.65,1,-1,-1,-1
482,1322,429.41,73.16,110.36,333.15,1,-1,-1,-1
482,1329,517.33,67.36,110.54,333.74,1,-1,-1,-1
483,1312,268.31,39.27,117.93,355.68,1,-1,-1,-1
483,1322,429.35,84.03,112.06,338.28,1,-1,-1,-1
483,1329,502.92,67.72,112.81,340.58,1,-1,-1,-1
484,1312,255.48,44.32,113.75,343.12,1,-1,-1,-1
484,1322,414.73,88.40,112.67,340.09,1,-1,-1,-1
484,1329,498.00,68.01,113.36,342.24,1,-1,-1,-1
485,1312,246.65,48.28,117.79,355.30,1,-1,-1,-1
485,1322,409.18,90.15,112.84,340.59,1,-1,-1,-1
485,1329,496.59,68.21,113.37,342.27,1,-1,-1,-1
486,1312,247.76,47.51,113.90,343.58,1,-1,-1,-1
486,1322,394.60,79.24,118.13,356.54,1,-1,-1,-1
486,1329,488.02,79.67,108.09,326.33,1,-1,-1,-1
487,1312,244.07,49.31,117.88,355.59,1,-1,-1,-1
487,1322,387.02,86.56,114.90,346.79,1,-1,-1,-1
487,1329,485.17,84.00,105.98,319.95,1,-1,-1,-1
488,1312,235.99,45.79,109.04,328.94,1,-1,-1,-1
488,1322,384.29,89.58,113.51,342.59,1,-1,-1,-1
488,1329,484.40,85.50,105.18,317.55,1,-1,-1,-1
489,1312,233.04,44.31,105.60,318.59,1,-1,-1,-1
489,1322,389.56,96.00,103.33,311.90,1,-1,-1,-1
489,1329,477.31,90.09,109.98,332.01,1,-1,-1,-1
490,1312,232.11,43.75,104.43,315.07,1,-1,-1,-1
490,1322,371.37,80.92,114.80,346.49,1,-1,-1,-1
490,1329,467.76,87.72,106.74,322.25,1,-1,-1,-1
491,1312,234.68,54.93,99.30,299.65,1,-1,-1,-1
491,1322,363.99,87.18,113.52,342.62,1,-1,-1,-1
491,1329,456.35,90.74,110.49,333.55,1,-1,-1,-1
492,1322,369.37,95.07,103.34,311.92,1,-1,-1,-1
492,1329,452.32,76.93,111.85,337.63,1,-1,-1,-1
493,1322,361.42,103.02,104.10,314.23,1,-1,-1,-1
493,1329,444.97,82.46,107.37,324.13,1,-1,-1,-1
494,1322,360.82,95.76,109.39,330.19,1,-1,-1,-1
494,1329,442.49,84.61,105.59,318.75,1,-1,-1,-1
495,1322,372.40,89.11,106.43,321.27,1,-1,-1,-1
495,1329,441.80,85.39,104.92,316.74,1,-1,-1,-1
495,1312,219.62,28.08,117.90,355.75,1,-1,-1,-1
496,1322,380.35,90.52,110.26,332.80,1,-1,-1,-1
496,1329,441.76,85.65,104.67,316.00,1,-1,-1,-1
496,1312,223.24,23.82,115.01,347.04,1,-1,-1,-1
497,1322,380.26,100.87,106.74,322.18,1,-1,-1,-1
497,1329,448.08,74.70,109.60,330.84,1,-1,-1,-1
497,1312,224.87,22.33,113.74,343.21,1,-1,-1,-1
498,1322,383.43,94.90,110.36,333.10,1,-1,-1,-1
498,1329,450.51,70.64,111.42,336.33,1,-1,-1,-1
498,1312,229.48,20.91,108.26,326.68,1,-1,-1,-1
499,1322,370.97,81.10,116.95,352.99,1,-1,-1,-1
499,1329,451.59,69.10,112.10,338.39,1,-1,-1,-1
500,1322,376.68,83.38,109.41,330.24,1,-1,-1,-1
500,1329,459.91,79.42,107.40,324.20,1,-1,-1,-1
501,1322,368.28,76.57,116.73,352.32,1,-1,-1,-1
501,1329,455.29,72.39,110.59,333.81,1,-1,-1,-1
501,1312,200.51,26.38,133.68,403.36,1,-1,-1,-1
502,1322,378.76,85.60,114.13,344.46,1,-1,-1,-1
502,1329,459.04,73.03,117.03,353.23,1,-1,-1,-1
502,1312,186.31,28.84,143.70,433.50,1,-1,-1,-1
503,1322,383.06,89.30,113.03,341.14,1,-1,-1,-1
503,1329,462.84,80.82,109.41,330.23,1,-1,-1,-1
504,1322,381.62,86.71,107.61,324.80,1,-1,-1,-1
504,1329,471.65,72.89,111.29,335.93,1,-1,-1,-1
505,1322,381.09,85.73,105.53,318.51,1,-1,-1,-1
505,1329,474.82,70.04,111.97,337.96,1,-1,-1,-1
506,1322,380.90,85.39,104.77,316.23,1,-1,-1,-1
506,1329,476.01,68.98,112.21,338.69,1,-1,-1,-1
507,1322,380.85,85.28,104.50,315.44,1,-1,-1,-1
507,1329,476.42,68.62,112.29,338.92,1,-1,-1,-1
508,1322,383.96,74.22,109.44,330.33,1,-1,-1,-1
508,1329,476.55,68.51,112.31,338.96,1,-1,-1,-1
509,1322,382.06,80.97,106.35,321.01,1,-1,-1,-1
509,1329,476.56,68.50,112.30,338.93,1,-1,-1,-1
510,1322,386.68,75.91,115.53,348.71,1,-1,-1,-1
510,1329,476.54,68.52,112.29,338.89,1,-1,-1,-1
511,1322,383.18,81.59,108.84,328.52,1,-1,-1,-1
511,1329,476.51,68.56,112.27,338.84,1,-1,-1,-1
512,1322,384.85,88.06,111.08,335.26,1,-1,-1,-1
512,1329,476.47,68.59,112.25,338.79,1,-1,-1,-1
513,1329,483.29,79.56,107.26,323.74,1,-1,-1,-1
514,1329,485.87,83.78,105.35,317.95,1,-1,-1,-1
515,1329,486.77,85.29,104.66,315.89,1,-1,-1,-1
516,1329,495.23,89.85,109.45,330.36,1,-1,-1,-1
516,1312,100.34,79.79,98.65,297.68,1,-1,-1,-1
517,1329,498.31,91.50,111.22,335.70,1,-1,-1,-1
517,1312,114.27,80.59,97.22,293.40,1,-1,-1,-1
518,1312,116.81,81.08,96.68,291.81,1,-1,-1,-1
519,1312,123.74,70.32,101.50,306.39,1,-1,-1,-1
521,1333,192.81,23.29,140.33,422.86,1,-1,-1,-1
522,1333,195.30,27.66,138.76,418.15,1,-1,-1,-1
523,1333,196.09,29.05,138.26,416.66,1,-1,-1,-1
524,1333,206.87,8.25,145.70,439.06,1,-1,-1,-1
525,1333,209.51,19.97,134.45,405.17,1,-1,-1,-1
525,1312,128.35,80.17,80.33,242.58,1,-1,-1,-1
526,1333,210.89,5.83,144.18,434.48,1,-1,-1,-1
526,1312,143.31,75.98,87.93,265.55,1,-1,-1,-1
527,1333,211.34,1.27,147.31,443.93,1,-1,-1,-1
527,1312,147.10,74.96,89.68,270.86,1,-1,-1,-1
528,1333,211.34,-0.25,148.44,447.33,1,-1,-1,-1
528,1312,153.31,82.71,86.30,260.70,1,-1,-1,-1
529,1333,231.23,-0.63,148.80,448.41,1,-1,-1,-1
529,1312,163.08,89.88,89.19,269.42,1,-1,-1,-1
529,1334,129.51,164.85,45.64,138.82,1,-1,-1,-1
530,1333,238.59,-0.61,148.87,448.63,1,-1,-1,-1
530,1312,170.52,99.70,86.18,260.36,1,-1,-1,-1
530,1334,119.81,160.53,50.42,153.35,1,-1,-1,-1
530,1322,381.11,106.51,104.66,315.90,1,-1,-1,-1
531,1333,230.48,18.08,142.21,428.58,1,-1,-1,-1
531,1312,173.17,103.38,85.04,256.93,1,-1,-1,-1
531,1334,108.78,159.11,51.98,158.10,1,-1,-1,-1
531,1322,380.99,106.85,104.50,315.43,1,-1,-1,-1
532,1333,234.59,24.09,133.32,401.80,1,-1,-1,-1
532,1334,97.57,158.78,52.35,159.21,1,-1,-1,-1
532,1322,380.95,106.97,104.44,315.26,1,-1,-1,-1
533,1333,228.32,27.58,136.43,411.17,1,-1,-1,-1
533,1334,82.86,150.78,55.02,167.31,1,-1,-1,-1
533,1322,368.93,96.91,109.47,330.45,1,-1,-1,-1
534,1333,216.84,10.20,144.17,434.51,1,-1,-1,-1
534,1334,65.35,146.94,58.64,178.29,1,-1,-1,-1
534,1322,359.58,98.42,101.78,307.27,1,-1,-1,-1
535,1333,212.54,3.74,147.06,443.19,1,-1,-1,-1
535,1334,44.87,135.36,62.77,190.82,1,-1,-1,-1
535,1322,356.00,99.06,98.70,297.97,1,-1,-1,-1
535,1336,125.66,127.41,56.53,172.08,1,-1,-1,-1
536,1333,210.84,1.28,148.15,446.49,1,-1,-1,-1
536,1334,30.12,127.99,67.28,204.50,1,-1,-1,-1
536,1322,344.55,93.87,107.51,324.55,1,-1,-1,-1
536,1336,121.95,148.69,48.26,146.93,1,-1,-1,-1
536,1337,423.24,85.45,104.56,315.68,1,-1,-1,-1
537,1333,210.19,0.41,148.54,447.65,1,-1,-1,-1
537,1334,16.48,111.93,72.15,219.23,1,-1,-1,-1
537,1322,340.52,92.05,110.61,333.90,1,-1,-1,-1
537,1336,117.79,141.78,50.43,153.50,1,-1,-1,-1
537,1337,423.24,85.45,104.56,315.68,1,-1,-1,-1
538,1333,209.96,0.16,148.65,447.99,1,-1,-1,-1
538,1334,2.03,104.62,80.95,245.88,1,-1,-1,-1
538,1322,339.10,91.37,111.82,337.55,1,-1,-1,-1
538,1336,116.68,139.89,51.03,155.32,1,-1,-1,-1
538,1337,423.24,85.45,104.56,315.68,1,-1,-1,-1
539,1333,209.88,0.13,148.67,448.02,1,-1,-1,-1
539,1334,-3.58,111.99,77.67,235.86,1,-1,-1,-1
539,1322,337.65,87.18,107.33,324.00,1,-1,-1,-1
539,1336,117.91,139.57,48.80,148.54,1,-1,-1,-1
539,1337,429.02,73.02,110.21,332.73,1,-1,-1,-1
540,1333,198.68,-20.89,155.67,469.12,1,-1,-1,-1
540,1322,338.38,89.65,110.58,333.80,1,-1,-1,-1
540,1336,117.01,138.89,50.58,153.95,1,-1,-1,-1
540,1337,430.90,68.98,112.05,338.27,1,-1,-1,-1
541,1333,221.59,-8.01,138.92,418.65,1,-1,-1,-1
541,1322,337.63,100.41,106.83,322.49,1,-1,-1,-1
541,1336,116.74,138.64,51.20,155.82,1,-1,-1,-1
541,1337,440.76,79.20,107.41,324.26,1,-1,-1,-1
541,1338,105.50,87.59,73.64,222.93,1,-1,-1,-1
542,1333,231.04,-2.44,131.98,397.76,1,-1,-1,-1
542,1322,338.60,94.61,110.37,333.17,1,-1,-1,-1
542,1336,123.87,138.52,51.45,156.57,1,-1,-1,-1
542,1337,450.73,71.65,110.84,334.61,1,-1,-1,-1
542,1338,117.01,89.89,73.64,222.93,1,-1,-1,-1
543,1333,227.58,-0.43,149.97,451.96,1,-1,-1,-1
543,1336,125.05,137.46,54.09,164.57,1,-1,-1,-1
543,1337,454.12,69.05,112.02,338.18,1,-1,-1,-1
544,1333,235.89,0.24,149.31,449.98,1,-1,-1,-1
544,1336,118.03,137.06,55.06,167.50,1,-1,-1,-1
544,1337,460.72,71.44,117.83,355.71,1,-1,-1,-1
544,1339,186.58,148.75,48.99,148.86,1,-1,-1,-1
545,1333,250.47,0.56,155.96,470.00,1,-1,-1,-1
545,1336,112.68,127.34,58.08,176.63,1,-1,-1,-1
545,1337,463.05,72.39,119.97,362.13,1,-1,-1,-1
545,1339,187.78,148.74,48.44,147.20,1,-1,-1,-1
546,1333,255.92,0.69,158.45,477.48,1,-1,-1,-1
546,1336,110.67,123.68,59.21,180.05,1,-1,-1,-1
546,1337,473.18,69.64,115.43,348.41,1,-1,-1,-1
546,1339,190.45,148.77,51.02,155.03,1,-1,-1,-1
547,1333,269.86,-21.52,166.79,502.59,1,-1,-1,-1
547,1336,109.93,122.29,59.64,181.31,1,-1,-1,-1
547,1337,472.00,58.00,124.75,376.53,1,-1,-1,-1
547,1339,192.96,139.95,54.57,165.81,1,-1,-1,-1
548,1333,283.81,-28.51,162.61,489.99,1,-1,-1,-1
548,1336,111.22,115.38,65.60,199.38,1,-1,-1,-1
548,1337,488.25,53.82,128.11,386.64,1,-1,-1,-1
548,1339,194.96,135.25,58.54,177.88,1,-1,-1,-1
549,1333,280.20,-32.67,168.31,507.15,1,-1,-1,-1
549,1336,110.22,119.02,62.21,189.04,1,-1,-1,-1
549,1337,494.53,52.27,129.36,390.39,1,-1,-1,-1
549,1339,202.06,135.22,57.26,173.98,1,-1,-1,-1
550,1333,278.75,-34.17,170.41,513.46,1,-1,-1,-1
550,1336,102.23,104.99,66.59,202.30,1,-1,-1,-1
550,1337,501.71,36.10,135.80,409.78,1,-1,-1,-1
550,1339,198.18,125.57,59.33,180.23,1,-1,-1,-1
551,1333,286.83,-33.14,163.73,493.32,1,-1,-1,-1
551,1336,94.28,94.84,71.35,216.69,1,-1,-1,-1
551,1337,509.31,43.22,126.72,382.37,1,-1,-1,-1
551,1339,197.32,110.68,62.89,191.02,1,-1,-1,-1
552,1333,280.75,-34.10,168.58,507.92,1,-1,-1,-1
552,1336,87.37,95.92,70.08,212.79,1,-1,-1,-1
552,1337,519.39,44.25,117.45,354.41,1,-1,-1,-1
552,1339,196.99,109.94,67.19,204.05,1,-1,-1,-1
553,1333,278.44,-34.41,170.35,513.22,1,-1,-1,-1
553,1336,78.89,91.41,72.70,220.67,1,-1,-1,-1
553,1337,531.75,46.99,119.42,360.35,1,-1,-1,-1
553,1339,196.77,113.35,65.88,200.04,1,-1,-1,-1
554,1333,277.42,-34.44,170.97,515.07,1,-1,-1,-1
554,1336,60.89,87.30,80.72,244.93,1,-1,-1,-1
554,1338,182.89,117.87,64.11,194.10,1,-1,-1,-1
555,1333,276.92,-34.37,171.15,515.60,1,-1,-1,-1
555,1336,54.00,85.75,83.80,254.20,1,-1,-1,-1
555,1338,183.72,114.46,67.27,203.69,1,-1,-1,-1
556,1333,276.63,-34.26,171.16,515.63,1,-1,-1,-1
556,1336,40.51,85.25,85.00,257.76,1,-1,-1,-1
556,1338,173.03,109.02,71.41,216.22,1,-1,-1,-1
557,1333,276.45,-34.16,171.12,515.48,1,-1,-1,-1
557,1336,24.33,85.17,85.42,258.95,1,-1,-1,-1
557,1338,162.54,105.91,80.14,242.62,1,-1,-1,-1
558,1333,285.26,-32.55,163.53,492.64,1,-1,-1,-1
558,1336,18.16,85.25,85.52,259.19,1,-1,-1,-1
558,1338,158.50,93.89,83.48,252.67,1,-1,-1,-1
559,1333,288.55,-31.86,160.56,483.68,1,-1,-1,-1
559,1336,16.79,77.47,89.45,271.02,1,-1,-1,-1
559,1338,156.77,88.94,84.78,256.60,1,-1,-1,-1
560,1333,289.68,-31.57,159.46,480.38,1,-1,-1,-1
560,1336,4.68,65.35,95.09,288.05,1,-1,-1,-1
560,1338,151.35,79.13,89.18,269.88,1,-1,-1,-1
561,1333,280.94,-32.96,166.69,502.12,1,-1,-1,-1
561,1338,137.54,75.39,90.85,274.89,1,-1,-1,-1
562,1333,277.68,-33.46,169.35,510.14,1,-1,-1,-1
562,1338,120.24,73.99,91.45,276.66,1,-1,-1,-1
563,1333,276.37,-33.62,170.36,513.17,1,-1,-1,-1
563,1338,100.78,55.26,105.25,318.34,1,-1,-1,-1
564,1333,264.66,-59.39,178.76,538.47,1,-1,-1,-1
564,1338,93.49,48.26,110.43,333.92,1,-1,-1,-1
565,1333,260.26,-69.06,181.91,547.92,1,-1,-1,-1
565,1338,90.62,45.49,112.49,340.08,1,-1,-1,-1
566,1333,258.56,-72.71,183.08,551.42,1,-1,-1,-1
566,1338,65.19,32.30,123.83,374.28,1,-1,-1,-1
567,1333,246.71,-48.40,175.47,528.49,1,-1,-1,-1
567,1338,55.39,27.23,128.21,387.42,1,-1,-1,-1
568,1338,37.71,8.98,141.96,428.88,1,-1,-1,-1
568,1341,409.60,49.02,109.13,329.62,1,-1,-1,-1
569,1341,412.38,31.37,117.28,354.24,1,-1,-1,-1
570,1341,416.07,26.13,126.65,382.52,1,-1,-1,-1
571,1341,431.79,23.49,123.73,373.67,1,-1,-1,-1
572,1341,444.08,5.90,134.84,407.21,1,-1,-1,-1
573,1341,449.71,-0.13,145.27,438.64,1,-1,-1,-1
580,1341,489.72,38.94,120.93,365.15,1,-1,-1,-1
581,1341,490.79,56.64,109.76,331.41,1,-1,-1,-1
581,1339,215.45,154.86,42.17,128.16,1,-1,-1,-1
582,1341,490.70,62.55,106.00,320.06,1,-1,-1,-1
582,1339,215.49,155.63,41.78,127.05,1,-1,-1,-1
583,1341,490.36,79.17,104.74,316.26,1,-1,-1,-1
583,1339,217.27,158.29,46.11,140.23,1,-1,-1,-1
584,1339,210.49,162.76,43.32,131.79,1,-1,-1,-1
585,1339,201.52,153.62,46.65,141.90,1,-1,-1,-1
586,1339,198.48,157.07,47.78,145.34,1,-1,-1,-1
587,1339,192.78,151.85,50.53,153.69,1,-1,-1,-1
588,1339,183.82,149.86,51.56,156.79,1,-1,-1,-1
589,1339,159.28,148.63,54.38,165.35,1,-1,-1,-1
590,1339,141.20,139.34,58.03,176.40,1,-1,-1,-1
591,1339,123.87,133.55,62.17,188.93,1,-1,-1,-1
592,1339,104.92,128.39,66.70,202.63,1,-1,-1,-1
593,1339,85.30,129.25,65.59,199.20,1,-1,-1,-1
594,1339,65.97,122.93,71.20,216.18,1,-1,-1,-1
595,1339,51.39,115.90,76.65,232.63,1,-1,-1,-1
596,1339,35.81,113.13,78.81,239.10,1,-1,-1,-1
597,1339,20.52,106.34,83.21,252.37,1,-1,-1,-1
598,1339,3.96,103.72,84.91,257.45,1,-1,-1,-1
599,1339,-2.28,102.77,85.52,259.23,1,-1,-1,-1
600,1343,162.95,154.03,43.95,133.56,1,-1,-1,-1
601,1343,163.68,155.09,42.36,128.74,1,-1,-1,-1
602,1343,158.47,149.46,44.37,134.85,1,-1,-1,-1
603,1343,156.98,154.71,44.97,136.68,1,-1,-1,-1
604,1343,150.48,150.47,47.50,144.37,1,-1,-1,-1
607,1343,128.40,129.35,66.00,200.55,1,-1,-1,-1
608,1343,125.43,126.55,68.50,208.09,1,-1,-1,-1
611,1343,100.18,115.38,77.38,234.99,1,-1,-1,-1
612,1343,90.01,108.03,82.16,249.39,1,-1,-1,-1
613,1343,78.53,98.35,87.80,266.39,1,-1,-1,-1
613,1344,189.63,107.32,84.74,256.23,1,-1,-1,-1
614,1343,62.57,94.57,90.00,272.99,1,-1,-1,-1
614,1344,189.63,104.68,84.74,256.23,1,-1,-1,-1
615,1344,185.88,95.24,89.49,270.59,1,-1,-1,-1
616,1344,184.70,92.32,90.99,275.11,1,-1,-1,-1
617,1344,184.38,91.57,91.40,276.35,1,-1,-1,-1
618,1344,175.75,99.16,87.21,263.67,1,-1,-1,-1
618,1345,121.16,138.89,48.25,146.74,1,-1,-1,-1
619,1344,168.44,94.43,89.87,271.71,1,-1,-1,-1
619,1345,112.05,138.89,48.25,146.74,1,-1,-1,-1
620,1344,165.96,92.82,90.78,274.46,1,-1,-1,-1
620,1345,98.64,138.38,50.96,154.99,1,-1,-1,-1
621,1344,165.20,92.30,91.09,275.39,1,-1,-1,-1
621,1345,91.35,137.14,54.54,165.86,1,-1,-1,-1
621,1346,241.08,102.51,83.56,252.78,1,-1,-1,-1
622,1344,169.10,99.53,87.09,263.28,1,-1,-1,-1
622,1345,89.13,144.55,55.75,169.52,1,-1,-1,-1
622,1346,253.13,110.45,80.11,242.35,1,-1,-1,-1
623,1344,166.64,107.40,89.68,271.11,1,-1,-1,-1
623,1346,257.32,113.21,78.91,238.72,1,-1,-1,-1
624,1344,165.80,110.21,90.61,273.91,1,-1,-1,-1
624,1346,245.37,112.54,87.58,264.94,1,-1,-1,-1
625,1344,169.57,117.71,86.90,262.70,1,-1,-1,-1
625,1346,242.34,107.21,86.12,260.54,1,-1,-1,-1
626,1344,175.07,106.00,93.98,284.09,1,-1,-1,-1
626,1346,241.20,105.00,85.43,258.42,1,-1,-1,-1
627,1344,173.25,104.68,88.33,267.01,1,-1,-1,-1
627,1346,240.83,104.19,85.13,257.52,1,-1,-1,-1
628,1344,180.85,96.73,90.08,272.29,1,-1,-1,-1
628,1346,240.74,103.90,85.00,257.12,1,-1,-1,-1
629,1344,179.31,98.22,95.02,287.23,1,-1,-1,-1
629,1346,252.33,103.81,84.93,256.90,1,-1,-1,-1
630,1344,197.13,101.65,88.68,268.07,1,-1,-1,-1
630,1346,266.56,109.91,81.06,245.19,1,-1,-1,-1
631,1344,204.30,114.64,86.06,260.16,1,-1,-1,-1
631,1346,271.86,112.22,79.58,240.73,1,-1,-1,-1
632,1344,204.41,112.79,89.22,269.69,1,-1,-1,-1
632,1346,284.50,113.02,79.06,239.15,1,-1,-1,-1
633,1344,218.70,113.23,82.61,249.73,1,-1,-1,-1
633,1346,288.98,113.29,78.89,238.62,1,-1,-1,-1
633,1347,31.27,31.29,150.46,453.29,1,-1,-1,-1
634,1344,223.44,107.13,83.88,253.58,1,-1,-1,-1
634,1346,301.19,113.35,78.84,238.48,1,-1,-1,-1
634,1347,54.35,30.95,148.79,448.25,1,-1,-1,-1
635,1344,236.38,111.03,80.54,243.50,1,-1,-1,-1
635,1346,305.54,113.34,78.83,238.48,1,-1,-1,-1
636,1344,241.09,112.51,79.29,239.73,1,-1,-1,-1
636,1346,306.95,113.31,78.85,238.51,1,-1,-1,-1
637,1344,242.61,113.03,78.86,238.45,1,-1,-1,-1
637,1346,307.27,113.28,78.86,238.57,1,-1,-1,-1
637,1347,70.59,-29.79,169.15,509.59,1,-1,-1,-1
638,1344,242.99,113.20,78.73,238.07,1,-1,-1,-1
638,1346,307.21,113.25,78.88,238.62,1,-1,-1,-1
638,1347,90.88,-13.33,163.74,493.27,1,-1,-1,-1
639,1344,242.97,113.24,78.71,238.01,1,-1,-1,-1
639,1346,307.02,113.22,78.89,238.66,1,-1,-1,-1
640,1344,231.43,107.16,82.53,249.56,1,-1,-1,-1
640,1346,296.19,113.19,78.91,238.70,1,-1,-1,-1
641,1344,227.12,104.92,83.95,253.84,1,-1,-1,-1
641,1346,292.01,113.17,78.92,238.74,1,-1,-1,-1
642,1344,226.02,114.90,77.27,233.69,1,-1,-1,-1
642,1346,290.37,113.15,78.93,238.77,1,-1,-1,-1
643,1344,213.17,119.27,82.15,248.43,1,-1,-1,-1
643,1346,289.72,113.13,78.94,238.80,1,-1,-1,-1
644,1344,208.74,120.79,83.83,253.52,1,-1,-1,-1
644,1346,286.54,118.03,75.42,228.19,1,-1,-1,-1
645,1344,208.49,116.07,80.76,244.23,1,-1,-1,-1
645,1346,277.47,114.88,77.68,234.99,1,-1,-1,-1
646,1344,209.12,119.14,75.99,229.84,1,-1,-1,-1
646,1346,274.22,113.74,78.49,237.46,1,-1,-1,-1
647,1344,197.88,126.08,77.84,235.42,1,-1,-1,-1
647,1346,268.15,122.10,72.03,217.94,1,-1,-1,-1
647,1349,68.95,6.57,154.78,466.57,1,-1,-1,-1
648,1344,193.93,128.52,78.49,237.41,1,-1,-1,-1
648,1346,268.67,131.50,72.91,220.62,1,-1,-1,-1
648,1349,66.05,2.43,157.85,475.80,1,-1,-1,-1
649,1344,203.75,133.59,75.24,227.58,1,-1,-1,-1
649,1346,268.87,134.75,73.23,221.59,1,-1,-1,-1
649,1349,64.98,0.91,158.97,479.19,1,-1,-1,-1
650,1344,206.91,141.23,67.53,204.31,1,-1,-1,-1
650,1346,260.56,131.66,76.90,232.70,1,-1,-1,-1
650,1349,64.71,0.53,159.26,480.05,1,-1,-1,-1
651,1344,199.13,131.66,67.92,205.53,1,-1,-1,-1
651,1346,256.06,124.88,74.80,226.36,1,-1,-1,-1
651,1349,64.68,0.49,159.29,480.14,1,-1,-1,-1
652,1344,196.53,128.42,68.07,205.99,1,-1,-1,-1
652,1346,254.41,122.13,73.98,223.86,1,-1,-1,-1
652,1349,64.72,0.54,159.26,480.03,1,-1,-1,-1
653,1344,195.03,133.25,71.50,216.38,1,-1,-1,-1
653,1346,251.84,134.30,70.37,212.98,1,-1,-1,-1
653,1349,64.76,0.60,159.22,479.89,1,-1,-1,-1
654,1344,195.11,138.24,69.51,210.37,1,-1,-1,-1
654,1346,251.00,138.88,69.03,208.92,1,-1,-1,-1
654,1349,61.86,0.66,151.91,457.86,1,-1,-1,-1
655,1344,195.24,140.11,68.76,208.11,1,-1,-1,-1
655,1346,250.77,140.47,68.56,207.53,1,-1,-1,-1
655,1349,63.79,0.72,156.53,471.76,1,-1,-1,-1
656,1344,194.73,137.45,71.82,217.39,1,-1,-1,-1
656,1346,250.77,131.64,68.41,207.10,1,-1,-1,-1
656,1349,64.48,0.76,158.17,476.68,1,-1,-1,-1
657,1344,194.56,126.67,72.95,220.81,1,-1,-1,-1
657,1346,260.15,128.31,68.38,207.02,1,-1,-1,-1
657,1349,64.75,0.79,158.79,478.53,1,-1,-1,-1
658,1344,194.55,122.48,73.39,222.15,1,-1,-1,-1
658,1346,263.69,127.05,68.39,207.06,1,-1,-1,-1
658,1349,64.87,0.82,159.01,479.18,1,-1,-1,-1
659,1344,204.34,124.80,70.30,212.80,1,-1,-1,-1
659,1346,274.30,126.58,68.42,207.14,1,-1,-1,-1
659,1349,77.90,0.84,145.37,438.09,1,-1,-1,-1
660,1344,194.58,122.16,79.82,241.60,1,-1,-1,-1
660,1346,268.99,126.40,68.44,207.23,1,-1,-1,-1
660,1349,82.93,20.07,140.09,422.19,1,-1,-1,-1
661,1344,193.27,126.25,79.57,240.82,1,-1,-1,-1
661,1346,269.67,122.40,71.76,217.27,1,-1,-1,-1
661,1349,88.76,28.16,145.10,437.27,1,-1,-1,-1
662,1344,192.78,127.98,79.41,240.34,1,-1,-1,-1
662,1346,272.62,127.78,66.75,202.13,1,-1,-1,-1
662,1349,90.78,30.97,146.89,442.68,1,-1,-1,-1
663,1344,192.63,128.66,79.33,240.08,1,-1,-1,-1
663,1346,272.79,133.90,59.10,179.00,1,-1,-1,-1
663,1349,100.97,46.59,134.83,406.36,1,-1,-1,-1
664,1344,192.60,128.91,79.28,239.92,1,-1,-1,-1
664,1346,268.01,128.85,65.40,198.09,1,-1,-1,-1
664,1349,77.23,16.58,150.83,454.56,1,-1,-1,-1
664,1350,29.24,125.17,69.68,210.93,1,-1,-1,-1
665,1344,209.80,132.54,66.63,201.68,1,-1,-1,-1
665,1346,275.55,127.24,67.40,204.14,1,-1,-1,-1
665,1349,85.76,25.80,149.30,449.95,1,-1,-1,-1
665,1350,20.58,108.48,81.42,246.46,1,-1,-1,-1
666,1344,209.58,130.18,75.06,227.18,1,-1,-1,-1
666,1346,274.79,129.61,65.18,197.42,1,-1,-1,-1
666,1349,89.23,29.53,148.66,448.02,1,-1,-1,-1
666,1350,5.36,102.93,85.32,258.27,1,-1,-1,-1
667,1344,221.25,134.46,62.71,189.86,1,-1,-1,-1
667,1346,278.25,127.47,67.40,204.17,1,-1,-1,-1
667,1349,90.50,11.13,148.42,447.28,1,-1,-1,-1
667,1350,-13.18,93.74,90.63,274.31,1,-1,-1,-1
668,1344,223.72,138.77,66.59,201.63,1,-1,-1,-1
668,1346,279.49,126.69,68.22,206.63,1,-1,-1,-1
668,1349,105.38,22.60,141.74,427.15,1,-1,-1,-1
669,1344,223.26,133.96,64.73,196.01,1,-1,-1,-1
669,1346,284.72,129.42,65.49,198.39,1,-1,-1,-1
669,1349,96.28,8.25,145.90,439.70,1,-1,-1,-1
669,1355,42.85,84.61,94.86,286.82,1,-1,-1,-1
670,1344,224.27,128.93,67.17,203.39,1,-1,-1,-1
670,1346,286.68,130.49,64.43,195.20,1,-1,-1,-1
670,1349,112.62,3.09,147.41,444.23,1,-1,-1,-1
670,1355,39.09,77.12,91.88,277.81,1,-1,-1,-1
671,1344,229.54,140.41,62.15,188.25,1,-1,-1,-1
671,1346,287.34,130.87,64.05,194.05,1,-1,-1,-1
671,1349,113.51,19.52,141.43,426.22,1,-1,-1,-1
671,1355,39.78,78.48,95.88,289.90,1,-1,-1,-1
672,1344,233.91,143.18,63.17,191.34,1,-1,-1,-1
672,1346,287.54,139.67,63.92,193.66,1,-1,-1,-1
672,1349,113.69,25.93,139.12,419.29,1,-1,-1,-1
672,1355,25.69,79.02,97.17,293.78,1,-1,-1,-1
673,1344,241.11,145.83,60.65,183.74,1,-1,-1,-1
673,1346,287.55,134.29,63.88,193.55,1,-1,-1,-1
673,1349,113.65,28.25,138.30,416.83,1,-1,-1,-1
673,1355,6.89,55.47,107.91,326.24,1,-1,-1,-1
674,1344,239.84,133.07,65.80,199.34,1,-1,-1,-1
674,1346,282.66,129.18,66.94,202.83,1,-1,-1,-1
674,1349,125.91,27.82,131.83,397.34,1,-1,-1,-1
674,1355,0.43,49.45,117.00,353.65,1,-1,-1,-1
675,1344,237.52,131.58,64.61,195.74,1,-1,-1,-1
675,1346,281.00,132.50,62.26,188.67,1,-1,-1,-1
675,1349,117.84,28.86,135.74,409.14,1,-1,-1,-1
676,1344,238.85,142.39,58.59,177.55,1,-1,-1,-1
676,1346,276.28,131.52,63.31,191.85,1,-1,-1,-1
676,1349,114.92,29.21,137.15,413.39,1,-1,-1,-1
676,1356,397.06,98.17,96.13,290.51,1,-1,-1,-1
677,1344,239.22,146.57,56.30,170.63,1,-1,-1,-1
677,1346,274.60,131.17,63.69,192.99,1,-1,-1,-1
677,1349,99.29,30.63,144.31,434.96,1,-1,-1,-1
677,1356,395.50,99.17,97.12,293.51,1,-1,-1,-1
677,1357,225.00,129.00,79.00,239.00,1,-1,-1,-1
678,1346,273.98,131.04,63.83,193.45,1,-1,-1,-1
678,1349,93.43,11.74,146.99,443.03,1,-1,-1,-1
678,1356,388.78,108.57,92.45,279.38,1,-1,-1,-1
678,1357,224.09,137.70,71.08,215.05,1,-1,-1,-1
679,1346,277.71,141.27,61.04,185.01,1,-1,-1,-1
679,1349,91.17,23.82,148.02,446.13,1,-1,-1,-1
679,1356,386.69,111.54,90.91,274.74,1,-1,-1,-1
679,1357,224.76,131.29,76.91,232.68,1,-1,-1,-1
679,1344,239.26,147.95,55.57,168.46,1,-1,-1,-1
680,1346,275.14,143.46,62.89,190.61,1,-1,-1,-1
680,1349,90.35,28.51,148.40,447.26,1,-1,-1,-1
680,1356,379.77,119.46,86.02,259.95,1,-1,-1,-1
680,1357,224.94,141.24,78.51,237.52,1,-1,-1,-1
680,1344,239.04,147.94,55.63,168.67,1,-1,-1,-1
681,1346,274.23,144.22,63.56,192.63,1,-1,-1,-1
681,1349,90.08,30.29,148.52,447.61,1,-1,-1,-1
681,1356,377.64,121.87,84.48,255.31,1,-1,-1,-1
681,1357,222.77,144.01,68.41,206.98,1,-1,-1,-1
682,1346,269.82,146.14,60.98,184.83,1,-1,-1,-1
682,1349,90.03,30.94,148.55,447.68,1,-1,-1,-1
682,1356,370.21,115.54,88.41,267.20,1,-1,-1,-1
682,1357,213.00,141.94,68.16,206.23,1,-1,-1,-1
683,1346,268.16,146.81,59.99,181.84,1,-1,-1,-1
683,1349,90.04,31.16,148.54,447.65,1,-1,-1,-1
683,1356,372.34,105.27,94.26,284.86,1,-1,-1,-1
683,1357,216.66,145.70,61.74,186.86,1,-1,-1,-1
684,1346,271.71,136.60,62.52,189.52,1,-1,-1,-1
684,1349,104.47,29.89,141.96,427.83,1,-1,-1,-1
684,1356,368.79,109.24,92.10,278.32,1,-1,-1,-1
685,1346,268.98,135.10,60.63,183.80,1,-1,-1,-1
685,1349,110.04,29.37,139.41,420.17,1,-1,-1,-1
685,1356,367.61,110.80,91.24,275.72,1,-1,-1,-1
686,1346,267.94,134.53,59.89,181.57,1,-1,-1,-1
686,1349,112.05,29.16,138.49,417.40,1,-1,-1,-1
686,1356,367.31,111.35,90.93,274.79,1,-1,-1,-1
687,1346,267.58,134.33,59.63,180.79,1,-1,-1,-1
687,1349,112.75,29.07,138.17,416.44,1,-1,-1,-1
687,1356,367.31,111.53,90.82,274.47,1,-1,-1,-1
687,1358,4.47,81.18,94.86,286.82,1,-1,-1,-1
688,1346,263.10,135.85,56.86,172.42,1,-1,-1,-1
688,1349,98.43,30.35,144.70,436.11,1,-1,-1,-1
688,1357,208.68,131.53,63.80,193.12,1,-1,-1,-1
689,1346,261.27,132.51,61.48,186.41,1,-1,-1,-1
689,1349,107.36,29.52,140.62,423.84,1,-1,-1,-1
690,1346,260.63,131.34,63.10,191.32,1,-1,-1,-1
690,1349,96.35,30.50,145.65,438.96,1,-1,-1,-1
690,1356,356.30,101.45,96.43,291.39,1,-1,-1,-1
691,1346,260.43,130.90,63.73,193.24,1,-1,-1,-1
691,1349,92.31,30.85,147.49,444.50,1,-1,-1,-1
691,1356,354.89,99.83,97.32,294.08,1,-1,-1,-1
692,1346,260.40,130.75,63.97,193.96,1,-1,-1,-1
692,1349,110.34,30.97,148.18,446.59,1,-1,-1,-1
692,1356,354.44,99.26,97.64,295.02,1,-1,-1,-1
692,1358,51.64,129.66,64.93,196.37,1,-1,-1,-1
693,1346,256.95,132.96,61.23,185.65,1,-1,-1,-1
693,1349,112.01,29.70,141.89,427.64,1,-1,-1,-1
693,1356,357.22,89.86,102.34,309.22,1,-1,-1,-1
693,1358,43.16,121.23,63.42,191.80,1,-1,-1,-1
694,1346,255.67,125.73,60.15,182.40,1,-1,-1,-1
694,1349,112.61,29.19,139.44,420.25,1,-1,-1,-1
694,1356,355.50,95.42,99.57,300.83,1,-1,-1,-1
694,1358,41.96,120.05,62.80,189.96,1,-1,-1,-1
695,1346,258.95,125.21,57.08,173.10,1,-1,-1,-1
695,1349,112.79,28.99,138.54,417.56,1,-1,-1,-1
695,1358,33.38,115.50,66.11,199.99,1,-1,-1,-1
696,1346,260.25,132.74,55.93,169.63,1,-1,-1,-1
696,1349,118.17,30.25,144.86,436.58,1,-1,-1,-1
696,1358,21.54,119.42,70.71,213.93,1,-1,-1,-1
697,1346,265.17,133.87,58.24,176.65,1,-1,-1,-1
697,1349,133.06,29.41,140.69,424.04,1,-1,-1,-1
697,1358,7.28,115.82,75.99,229.89,1,-1,-1,-1
697,1356,350.25,93.08,92.38,279.12,1,-1,-1,-1
698,1346,266.95,134.28,59.09,179.21,1,-1,-1,-1
698,1349,138.83,29.07,139.04,419.07,1,-1,-1,-1
698,1356,339.67,97.54,95.74,289.26,1,-1,-1,-1
699,1346,263.12,132.17,62.26,188.82,1,-1,-1,-1
699,1349,140.86,28.94,138.43,417.25,1,-1,-1,-1
699,1356,338.24,89.66,101.42,306.40,1,-1,-1,-1
700,1349,148.16,30.22,144.84,436.54,1,-1,-1,-1
700,1356,345.12,103.43,94.76,286.28,1,-1,-1,-1
701,1349,144.26,29.39,140.72,424.14,1,-1,-1,-1
701,1356,338.42,101.07,96.47,291.44,1,-1,-1,-1
702,1349,142.53,29.05,139.08,419.20,1,-1,-1,-1
702,1356,333.37,107.99,92.76,280.24,1,-1,-1,-1
702,1358,9.62,146.57,54.02,163.52,1,-1,-1,-1
703,1349,152.85,44.97,132.30,398.77,1,-1,-1,-1
703,1358,10.17,156.83,49.18,148.95,1,-1,-1,-1
704,1349,156.62,50.97,129.75,391.11,1,-1,-1,-1
704,1362,84.54,115.67,76.85,232.79,1,-1,-1,-1
705,1349,146.69,36.84,135.11,407.28,1,-1,-1,-1
705,1362,73.50,106.92,82.60,250.20,1,-1,-1,-1
706,1349,143.04,31.70,137.07,413.18,1,-1,-1,-1
706,1362,56.81,103.69,84.73,256.62,1,-1,-1,-1
707,1349,128.51,31.03,144.39,435.24,1,-1,-1,-1
707,1362,40.65,94.91,89.69,271.64,1,-1,-1,-1
708,1349,123.04,30.79,147.15,443.52,1,-1,-1,-1
708,1362,35.34,91.97,91.35,276.63,1,-1,-1,-1
709,1349,115.71,29.41,141.72,427.16,1,-1,-1,-1
709,1362,22.36,82.23,96.25,291.43,1,-1,-1,-1
710,1349,112.91,28.89,139.54,420.60,1,-1,-1,-1
710,1362,4.84,78.77,97.99,296.66,1,-1,-1,-1
711,1349,111.94,28.71,138.72,418.15,1,-1,-1,-1
712,1349,118.13,42.34,126.52,381.38,1,-1,-1,-1
713,1349,113.92,33.43,134.16,404.42,1,-1,-1,-1
714,1349,112.48,30.40,136.76,412.25,1,-1,-1,-1
714,1356,276.06,86.07,104.24,314.88,1,-1,-1,-1
714,1362,11.22,94.21,81.35,246.26,1,-1,-1,-1
715,1349,111.98,29.24,137.78,415.32,1,-1,-1,-1
715,1362,14.34,84.68,79.05,239.29,1,-1,-1,-1
716,1349,124.04,27.58,132.05,398.05,1,-1,-1,-1
716,1362,15.81,86.17,82.33,249.19,1,-1,-1,-1
717,1349,128.74,26.97,129.83,391.40,1,-1,-1,-1
717,1362,16.36,86.68,83.48,252.65,1,-1,-1,-1
718,1349,130.45,44.17,129.04,389.02,1,-1,-1,-1
718,1362,5.25,69.00,92.44,279.72,1,-1,-1,-1
719,1349,141.42,48.21,122.99,370.80,1,-1,-1,-1
719,1362,1.22,75.22,95.72,289.59,1,-1,-1,-1
720,1349,145.50,49.65,120.75,364.06,1,-1,-1,-1
720,1362,-0.20,67.80,101.57,307.24,1,-1,-1,-1
721,1349,142.73,36.18,132.10,398.27,1,-1,-1,-1
721,1362,-0.67,62.25,99.33,300.41,1,-1,-1,-1
722,1349,135.71,46.96,130.14,392.37,1,-1,-1,-1
722,1362,-0.62,51.04,107.90,326.27,1,-1,-1,-1
723,1349,143.07,49.00,123.60,372.69,1,-1,-1,-1
723,1362,-0.60,46.91,111.07,335.79,1,-1,-1,-1
724,1349,145.84,49.71,121.12,365.21,1,-1,-1,-1
724,1362,-17.09,33.04,122.99,371.73,1,-1,-1,-1
724,1346,249.96,148.04,55.65,168.82,1,-1,-1,-1
725,1349,142.64,36.07,132.30,398.93,1,-1,-1,-1
725,1346,252.96,148.76,52.81,160.27,1,-1,-1,-1
726,1349,145.47,44.48,124.75,376.16,1,-1,-1,-1
726,1346,255.73,155.78,49.53,150.36,1,-1,-1,-1
727,1349,146.55,47.96,121.63,366.76,1,-1,-1,-1
727,1346,254.83,151.36,50.84,154.38,1,-1,-1,-1
728,1349,146.90,49.22,120.50,363.38,1,-1,-1,-1
728,1346,261.68,149.81,51.31,155.81,1,-1,-1,-1
729,1349,146.99,49.66,120.11,362.21,1,-1,-1,-1
729,1346,261.74,148.73,54.04,164.11,1,-1,-1,-1
730,1349,146.98,49.79,119.99,361.86,1,-1,-1,-1
730,1346,264.14,155.76,52.58,159.68,1,-1,-1,-1
731,1349,146.95,49.82,119.97,361.82,1,-1,-1,-1
732,1349,136.58,69.38,125.74,379.22,1,-1,-1,-1
733,1349,136.49,70.02,116.98,352.81,1,-1,-1,-1
734,1349,132.59,76.91,124.83,376.47,1,-1,-1,-1
735,1349,131.23,79.31,127.57,384.73,1,-1,-1,-1
736,1349,130.74,63.17,128.63,387.92,1,-1,-1,-1
737,1349,130.58,56.83,129.02,389.10,1,-1,-1,-1
737,1346,255.23,159.43,51.84,157.43,1,-1,-1,-1
738,1349,130.56,54.38,129.15,389.49,1,-1,-1,-1
738,1346,256.39,159.03,49.36,149.94,1,-1,-1,-1
739,1349,134.36,63.88,118.17,356.41,1,-1,-1,-1
739,1346,257.61,164.20,46.32,140.76,1,-1,-1,-1
740,1349,126.02,70.91,119.38,360.05,1,-1,-1,-1
740,1346,257.23,160.68,47.47,144.27,1,-1,-1,-1
741,1349,132.75,70.11,114.43,345.16,1,-1,-1,-1
741,1346,263.66,159.44,47.88,145.52,1,-1,-1,-1
742,1349,135.36,69.71,112.59,339.60,1,-1,-1,-1
742,1346,260.33,164.16,45.87,139.45,1,-1,-1,-1
743,1349,136.32,69.52,111.95,337.69,1,-1,-1,-1
743,1346,259.02,165.94,45.12,137.20,1,-1,-1,-1
744,1349,136.67,69.41,111.75,337.12,1,-1,-1,-1
744,1346,258.54,166.55,44.87,136.44,1,-1,-1,-1
745,1349,136.79,69.34,111.72,337.03,1,-1,-1,-1
746,1349,127.17,72.52,117.13,353.35,1,-1,-1,-1
747,1349,129.32,60.12,124.79,376.44,1,-1,-1,-1
748,1349,148.43,65.58,116.95,352.81,1,-1,-1,-1
748,1367,113.56,113.54,67.67,205.13,1,-1,-1,-1
749,1349,147.60,71.11,119.13,359.38,1,-1,-1,-1
749,1367,107.06,116.88,64.88,196.66,1,-1,-1,-1
750,1349,162.63,80.78,109.65,330.80,1,-1,-1,-1
750,1367,105.25,108.23,71.45,216.57,1,-1,-1,-1
751,1349,168.41,84.50,105.94,319.62,1,-1,-1,-1
751,1367,98.70,99.52,77.24,234.12,1,-1,-1,-1
752,1349,176.04,81.92,99.88,301.37,1,-1,-1,-1
752,1367,96.43,96.46,79.28,240.26,1,-1,-1,-1
753,1349,187.43,70.27,102.56,309.48,1,-1,-1,-1
753,1367,88.85,88.60,83.74,253.75,1,-1,-1,-1
754,1349,195.98,76.51,98.82,298.22,1,-1,-1,-1
754,1367,90.19,77.74,89.34,270.68,1,-1,-1,-1
755,1349,198.95,78.90,97.47,294.17,1,-1,-1,-1
755,1367,86.85,81.57,87.48,265.02,1,-1,-1,-1
756,1349,204.38,72.36,106.88,322.58,1,-1,-1,-1
756,1367,77.65,75.42,90.54,274.23,1,-1,-1,-1
757,1349,211.11,80.75,105.36,317.99,1,-1,-1,-1
757,1367,64.94,63.87,95.87,290.31,1,-1,-1,-1
758,1349,208.56,73.14,109.75,331.23,1,-1,-1,-1
758,1367,51.31,50.67,107.15,324.38,1,-1,-1,-1
759,1349,215.97,77.42,101.89,307.55,1,-1,-1,-1
759,1367,33.01,32.53,116.55,352.73,1,-1,-1,-1
760,1349,218.59,79.13,98.75,298.09,1,-1,-1,-1
760,1367,25.63,25.24,120.32,364.04,1,-1,-1,-1
761,1349,219.39,79.73,97.64,294.76,1,-1,-1,-1
761,1367,7.63,7.28,127.14,384.58,1,-1,-1,-1
762,1349,219.53,79.93,97.27,293.64,1,-1,-1,-1
763,1349,219.44,79.99,97.16,293.34,1,-1,-1,-1
764,1349,215.58,69.68,101.84,307.47,1,-1,-1,-1
764,1371,123.75,167.68,24.01,73.93,1,-1,-1,-1
765,1349,227.88,79.68,103.58,312.70,1,-1,-1,-1
765,1371,122.68,173.56,25.09,77.26,1,-1,-1,-1
766,1349,228.65,72.72,109.19,329.64,1,-1,-1,-1
766,1371,123.64,177.84,24.12,74.27,1,-1,-1,-1
766,1373,198.79,154.87,41.26,125.89,1,-1,-1,-1
767,1349,219.08,67.16,106.45,321.36,1,-1,-1,-1
767,1373,194.41,153.46,39.55,120.68,1,-1,-1,-1
768,1349,215.10,64.97,105.32,317.95,1,-1,-1,-1
768,1373,186.45,149.04,43.57,132.92,1,-1,-1,-1
769,1349,217.20,74.40,100.24,302.62,1,-1,-1,-1
769,1373,184.07,147.72,44.80,136.67,1,-1,-1,-1
770,1349,217.94,78.04,98.29,296.77,1,-1,-1,-1
770,1373,180.85,152.50,43.06,131.35,1,-1,-1,-1
771,1349,218.16,79.36,97.60,294.68,1,-1,-1,-1
771,1373,169.62,149.23,44.47,135.66,1,-1,-1,-1
772,1349,209.53,72.54,107.08,323.31,1,-1,-1,-1
772,1373,161.07,141.46,49.52,151.03,1,-1,-1,-1
773,1349,214.73,77.07,101.18,305.50,1,-1,-1,-1
773,1373,157.49,139.06,49.12,149.78,1,-1,-1,-1
774,1349,216.87,78.96,98.71,298.04,1,-1,-1,-1
774,1373,149.91,138.22,48.86,148.96,1,-1,-1,-1
775,1349,217.64,79.64,97.80,295.32,1,-1,-1,-1
775,1373,147.29,137.56,51.02,155.51,1,-1,-1,-1
775,1375,338.79,85.45,104.56,315.68,1,-1,-1,-1
776,1349,217.89,79.88,97.48,294.35,1,-1,-1,-1
776,1373,139.60,137.36,51.82,157.90,1,-1,-1,-1
777,1349,214.28,83.71,102.05,308.15,1,-1,-1,-1
777,1373,135.86,136.40,54.52,166.08,1,-1,-1,-1
778,1349,216.54,94.27,99.16,299.43,1,-1,-1,-1
778,1373,134.56,136.07,55.54,169.14,1,-1,-1,-1
779,1349,232.24,106.23,93.64,282.79,1,-1,-1,-1
779,1373,132.75,134.47,58.49,178.05,1,-1,-1,-1
780,1349,223.04,102.62,96.02,289.98,1,-1,-1,-1
780,1373,130.00,131.71,62.34,189.73,1,-1,-1,-1
781,1349,234.44,96.94,92.54,279.49,1,-1,-1,-1
781,1373,129.03,122.44,63.84,194.22,1,-1,-1,-1
782,1349,239.54,102.04,87.10,263.09,1,-1,-1,-1
782,1373,120.53,127.06,64.39,195.82,1,-1,-1,-1
783,1349,238.81,87.37,93.80,283.32,1,-1,-1,-1
783,1373,117.32,128.98,64.55,196.26,1,-1,-1,-1
783,1377,196.01,127.28,67.67,205.13,1,-1,-1,-1
784,1349,240.95,98.03,87.84,265.35,1,-1,-1,-1
784,1373,108.21,122.98,70.75,215.00,1,-1,-1,-1
784,1377,196.02,126.58,68.37,207.25,1,-1,-1,-1
785,1349,241.66,102.32,85.48,258.23,1,-1,-1,-1
785,1373,99.47,116.07,76.41,232.13,1,-1,-1,-1
785,1377,181.49,116.09,76.49,231.83,1,-1,-1,-1
786,1349,241.84,115.43,84.66,255.78,1,-1,-1,-1
786,1373,86.08,103.33,78.67,238.90,1,-1,-1,-1
786,1377,176.76,112.68,79.12,239.80,1,-1,-1,-1
787,1349,241.08,113.56,88.52,267.44,1,-1,-1,-1
787,1373,73.60,102.56,83.12,252.29,1,-1,-1,-1
787,1377,168.06,110.50,88.04,266.80,1,-1,-1,-1
788,1349,251.97,113.96,82.16,248.27,1,-1,-1,-1
788,1373,58.02,102.33,84.84,257.43,1,-1,-1,-1
788,1377,161.41,110.89,83.56,253.20,1,-1,-1,-1
789,1349,245.29,107.72,83.59,252.61,1,-1,-1,-1
789,1373,41.08,102.34,85.46,259.22,1,-1,-1,-1
789,1377,144.25,102.21,93.75,284.04,1,-1,-1,-1
790,1349,242.85,111.57,80.30,242.70,1,-1,-1,-1
790,1373,24.43,95.41,89.53,271.49,1,-1,-1,-1
790,1377,125.56,99.10,97.41,295.06,1,-1,-1,-1
791,1349,241.85,112.98,79.10,239.09,1,-1,-1,-1
791,1373,6.51,92.78,91.08,276.10,1,-1,-1,-1
791,1377,110.19,89.01,103.21,312.56,1,-1,-1,-1
792,1349,241.47,124.23,78.70,237.91,1,-1,-1,-1
792,1377,94.85,74.62,110.17,333.55,1,-1,-1,-1
793,1349,229.86,122.94,82.43,249.17,1,-1,-1,-1
793,1377,71.87,79.42,108.12,327.28,1,-1,-1,-1
794,1349,226.32,117.14,80.06,242.02,1,-1,-1,-1
794,1377,51.32,71.02,111.88,338.56,1,-1,-1,-1
795,1349,225.00,114.76,79.16,239.32,1,-1,-1,-1
795,1377,14.85,42.35,129.82,392.71,1,-1,-1,-1
795,1381,416.87,26.99,128.96,388.88,1,-1,-1,-1
795,1375,292.13,25.34,120.15,362.70,1,-1,-1,-1
796,1349,224.56,124.54,78.85,238.40,1,-1,-1,-1
796,1381,416.87,26.99,128.96,388.88,1,-1,-1,-1
796,1375,291.28,40.24,120.45,363.55,1,-1,-1,-1
797,1349,224.39,122.41,75.21,227.42,1,-1,-1,-1
797,1381,418.44,28.44,136.18,410.65,1,-1,-1,-1
797,1375,287.69,31.06,126.20,380.87,1,-1,-1,-1
798,1349,224.45,116.47,77.48,234.30,1,-1,-1,-1
798,1381,417.46,27.54,131.69,397.11,1,-1,-1,-1
798,1375,289.66,42.13,122.78,370.53,1,-1,-1,-1
799,1349,224.43,119.25,74.78,226.16,1,-1,-1,-1
799,1375,287.22,48.98,127.07,383.43,1,-1,-1,-1
799,1385,106.47,159.87,39.61,120.72,1,-1,-1,-1
800,1349,222.43,118.63,67.31,203.60,1,-1,-1,-1
800,1375,281.61,35.88,134.67,406.32,1,-1,-1,-1
800,1385,99.02,160.76,39.17,119.37,1,-1,-1,-1
800,1386,57.95,150.62,43.68,133.27,1,-1,-1,-1
800,1387,162.47,171.61,37.88,115.89,1,-1,-1,-1
801,1349,212.76,114.88,74.98,226.81,1,-1,-1,-1
801,1375,279.50,30.86,137.57,415.01,1,-1,-1,-1
801,1385,90.34,161.04,39.02,118.94,1,-1,-1,-1
801,1386,57.24,158.33,40.21,122.67,1,-1,-1,-1
801,1387,155.48,169.67,38.64,118.20,1,-1,-1,-1
802,1349,219.19,122.33,70.78,214.13,1,-1,-1,-1
802,1375,278.76,28.93,138.65,418.23,1,-1,-1,-1
802,1385,81.88,161.10,38.99,118.85,1,-1,-1,-1
802,1386,56.99,161.13,38.94,118.82,1,-1,-1,-1
802,1387,154.69,171.59,41.05,125.56,1,-1,-1,-1
803,1349,222.71,121.33,72.47,219.25,1,-1,-1,-1
803,1375,278.56,28.25,139.00,419.27,1,-1,-1,-1
803,1386,56.31,158.87,43.14,131.61,1,-1,-1,-1
803,1387,152.88,175.50,39.83,121.80,1,-1,-1,-1
803,1389,204.65,187.68,27.28,83.85,1,-1,-1,-1
804,1349,223.99,120.96,73.08,221.12,1,-1,-1,-1
804,1375,286.63,41.49,127.39,384.25,1,-1,-1,-1
804,1386,56.10,158.17,44.43,135.55,1,-1,-1,-1
804,1387,158.15,176.91,39.30,120.18,1,-1,-1,-1
804,1389,204.65,192.03,27.28,83.85,1,-1,-1,-1
804,1385,85.87,167.84,39.01,118.91,1,-1,-1,-1
805,1349,224.55,115.88,76.85,232.54,1,-1,-1,-1
805,1375,289.95,46.83,122.70,370.11,1,-1,-1,-1
805,1386,62.35,157.81,44.90,136.97,1,-1,-1,-1
805,1387,160.05,177.34,39.10,119.56,1,-1,-1,-1
805,1389,206.61,185.37,28.83,88.59,1,-1,-1,-1
806,1349,234.41,118.80,74.81,226.36,1,-1,-1,-1
806,1375,307.49,48.74,121.01,365.01,1,-1,-1,-1
806,1386,67.57,156.36,42.99,131.14,1,-1,-1,-1
806,1387,166.27,177.43,39.02,119.31,1,-1,-1,-1
806,1389,213.63,186.67,27.87,85.65,1,-1,-1,-1
807,1349,248.23,119.96,74.00,223.91,1,-1,-1,-1
807,1375,313.89,49.43,120.40,363.17,1,-1,-1,-1
807,1386,69.47,155.76,42.24,128.85,1,-1,-1,-1
807,1387,170.90,174.34,40.92,125.08,1,-1,-1,-1
808,1349,253.33,120.38,73.70,223.02,1,-1,-1,-1
808,1375,332.30,47.50,114.79,346.27,1,-1,-1,-1
808,1386,73.46,150.56,44.04,134.30,1,-1,-1,-1
808,1387,174.63,169.17,43.61,133.28,1,-1,-1,-1
809,1349,265.05,130.43,73.60,222.72,1,-1,-1,-1
809,1375,339.21,48.94,118.18,356.49,1,-1,-1,-1
809,1386,78.36,149.15,46.84,142.82,1,-1,-1,-1
809,1387,181.96,167.20,44.63,136.35,1,-1,-1,-1
810,1349,275.87,137.44,70.28,212.69,1,-1,-1,-1
810,1375,341.59,65.50,119.40,360.18,1,-1,-1,-1
810,1386,88.65,154.14,45.79,139.59,1,-1,-1,-1
810,1387,187.90,170.41,43.03,131.44,1,-1,-1,-1
811,1349,283.21,126.63,72.37,219.04,1,-1,-1,-1
811,1375,358.45,40.81,125.62,378.91,1,-1,-1,-1
811,1386,90.46,150.55,47.49,144.76,1,-1,-1,-1
811,1387,192.99,167.67,44.38,135.53,1,-1,-1,-1
811,1381,474.09,28.98,138.19,416.68,1,-1,-1,-1
811,1389,240.75,183.02,31.23,95.95,1,-1,-1,-1
812,1349,285.77,122.73,73.13,221.34,1,-1,-1,-1
812,1375,364.64,31.56,127.94,385.92,1,-1,-1,-1
812,1386,99.15,154.74,46.00,140.19,1,-1,-1,-1
812,1387,194.80,166.66,44.87,137.00,1,-1,-1,-1
812,1389,242.46,178.78,36.44,111.88,1,-1,-1,-1
813,1349,286.55,121.23,73.43,222.24,1,-1,-1,-1
813,1375,383.77,27.98,128.83,388.58,1,-1,-1,-1
813,1386,102.38,156.41,45.38,138.30,1,-1,-1,-1
813,1387,189.35,166.30,45.05,137.49,1,-1,-1,-1
813,1389,245.48,180.45,35.11,107.79,1,-1,-1,-1
814,1349,296.53,120.65,73.55,222.60,1,-1,-1,-1
814,1375,390.90,26.67,129.14,389.52,1,-1,-1,-1
814,1386,101.73,151.40,47.30,144.14,1,-1,-1,-1
814,1387,187.14,166.18,45.10,137.62,1,-1,-1,-1
814,1389,244.02,172.71,37.78,115.92,1,-1,-1,-1
815,1349,305.32,133.56,70.32,212.84,1,-1,-1,-1
815,1375,393.36,26.25,129.24,389.80,1,-1,-1,-1
815,1386,103.09,155.07,45.90,139.83,1,-1,-1,-1
815,1387,186.20,166.16,45.10,137.60,1,-1,-1,-1
815,1389,243.45,174.90,38.78,118.93,1,-1,-1,-1
816,1349,308.42,138.50,69.08,209.13,1,-1,-1,-1
816,1375,394.12,27.38,135.35,408.21,1,-1,-1,-1
816,1387,187.99,161.03,47.23,144.05,1,-1,-1,-1
816,1389,237.96,170.73,39.16,120.02,1,-1,-1,-1
816,1393,267.03,193.67,27.73,85.07,1,-1,-1,-1
817,1349,309.37,130.91,68.65,207.82,1,-1,-1,-1
817,1375,393.08,9.85,144.06,434.44,1,-1,-1,-1
817,1387,182.27,159.11,48.02,146.44,1,-1,-1,-1
817,1389,235.65,169.13,39.28,120.34,1,-1,-1,-1
817,1393,266.89,193.40,27.41,84.12,1,-1,-1,-1
818,1349,314.28,124.10,71.82,217.41,1,-1,-1,-1
818,1375,392.53,3.11,147.40,444.49,1,-1,-1,-1
818,1389,234.66,168.55,39.30,120.36,1,-1,-1,-1
818,1393,262.78,189.86,28.88,88.62,1,-1,-1,-1
819,1349,315.99,121.60,72.99,220.95,1,-1,-1,-1
819,1375,411.19,0.55,142.25,428.94,1,-1,-1,-1
819,1389,233.90,165.08,41.11,125.87,1,-1,-1,-1
819,1393,258.15,174.13,36.30,111.36,1,-1,-1,-1
819,1387,173.19,159.02,50.94,155.28,1,-1,-1,-1
820,1349,320.95,124.54,70.19,212.49,1,-1,-1,-1
820,1375,418.43,-0.28,146.65,442.19,1,-1,-1,-1
820,1389,226.58,165.38,43.74,133.82,1,-1,-1,-1
820,1394,79.84,146.34,49.78,151.13,1,-1,-1,-1
820,1387,164.14,159.26,53.94,164.37,1,-1,-1,-1
821,1349,318.05,121.73,72.42,219.24,1,-1,-1,-1
821,1375,421.00,-0.53,148.26,447.02,1,-1,-1,-1
821,1389,219.73,163.95,42.84,131.03,1,-1,-1,-1
821,1394,71.10,138.70,54.40,165.15,1,-1,-1,-1
821,1387,152.60,151.10,57.62,175.48,1,-1,-1,-1
822,1349,310.72,115.85,76.71,232.23,1,-1,-1,-1
822,1389,211.32,163.45,42.42,129.70,1,-1,-1,-1
822,1394,64.92,137.42,53.02,160.96,1,-1,-1,-1
822,1387,138.29,146.31,61.77,188.04,1,-1,-1,-1
822,1393,242.75,175.26,38.82,119.06,1,-1,-1,-1
823,1349,313.98,128.05,74.91,226.78,1,-1,-1,-1
823,1389,202.51,168.90,42.24,129.10,1,-1,-1,-1
823,1394,63.23,145.33,52.31,158.83,1,-1,-1,-1
823,1387,126.07,139.02,69.41,211.20,1,-1,-1,-1
823,1393,240.77,181.91,38.82,119.00,1,-1,-1,-1
824,1349,315.14,132.98,74.16,224.51,1,-1,-1,-1
824,1389,199.17,165.42,42.15,128.80,1,-1,-1,-1
824,1394,55.23,148.00,52.04,158.02,1,-1,-1,-1
824,1387,116.33,139.20,69.39,211.04,1,-1,-1,-1
824,1393,240.12,178.79,38.83,118.98,1,-1,-1,-1
825,1349,315.49,134.82,73.87,223.63,1,-1,-1,-1
825,1389,191.38,160.63,46.21,141.13,1,-1,-1,-1
825,1394,47.41,140.34,54.60,165.77,1,-1,-1,-1
825,1387,108.03,136.22,72.45,220.24,1,-1,-1,-1
825,1393,234.64,177.62,38.84,118.98,1,-1,-1,-1
826,1349,315.54,125.62,73.76,223.29,1,-1,-1,-1
826,1389,183.65,152.66,49.92,152.41,1,-1,-1,-1
826,1394,42.75,138.66,52.93,160.72,1,-1,-1,-1
826,1387,99.53,131.08,76.97,233.88,1,-1,-1,-1
826,1393,232.68,177.18,38.85,118.98,1,-1,-1,-1
827,1349,314.40,129.08,67.38,204.00,1,-1,-1,-1
827,1389,173.99,149.50,51.40,156.85,1,-1,-1,-1
827,1394,29.02,135.42,57.59,174.87,1,-1,-1,-1
827,1387,79.09,124.09,82.30,249.96,1,-1,-1,-1
827,1393,226.04,179.72,40.73,124.69,1,-1,-1,-1
828,1349,310.10,127.28,68.07,206.11,1,-1,-1,-1
828,1389,170.17,148.29,51.96,158.50,1,-1,-1,-1
828,1394,23.15,135.84,56.61,171.88,1,-1,-1,-1
828,1387,62.64,115.25,88.21,267.78,1,-1,-1,-1
828,1393,218.06,180.66,41.44,126.81,1,-1,-1,-1
828,1396,385.24,113.23,89.63,271.00,1,-1,-1,-1
829,1349,313.31,122.70,71.63,216.87,1,-1,-1,-1
829,1389,162.06,147.45,54.55,166.31,1,-1,-1,-1
829,1387,46.38,104.41,94.63,287.11,1,-1,-1,-1
829,1393,213.14,177.45,43.69,133.63,1,-1,-1,-1
829,1396,386.56,111.75,90.55,273.79,1,-1,-1,-1
830,1349,318.94,133.97,69.71,211.06,1,-1,-1,-1
830,1389,150.84,146.16,58.07,176.98,1,-1,-1,-1
830,1387,38.31,107.42,93.12,282.44,1,-1,-1,-1
830,1393,208.45,177.95,46.63,142.57,1,-1,-1,-1
830,1396,393.49,118.72,86.19,260.61,1,-1,-1,-1
830,1397,289.00,169.00,39.00,119.00,1,-1,-1,-1
831,1349,316.52,135.15,72.26,218.79,1,-1,-1,-1
831,1389,138.86,145.70,59.45,181.10,1,-1,-1,-1
831,1387,24.46,101.31,96.55,292.72,1,-1,-1,-1
831,1393,202.76,172.82,49.99,152.76,1,-1,-1,-1
831,1396,389.22,113.56,89.42,270.38,1,-1,-1,-1
831,1397,289.00,169.00,39.00,119.00,1,-1,-1,-1
832,1349,315.61,125.80,73.20,221.62,1,-1,-1,-1
832,1389,129.13,132.77,65.62,199.79,1,-1,-1,-1
832,1393,192.10,169.87,49.12,150.03,1,-1,-1,-1
832,1396,379.51,103.50,95.13,287.61,1,-1,-1,-1
832,1397,282.78,162.78,39.00,119.00,1,-1,-1,-1
832,1399,109.10,29.71,103.11,311.44,1,-1,-1,-1
833,1349,314.14,129.08,67.27,203.69,1,-1,-1,-1
833,1389,116.75,127.79,68.01,206.98,1,-1,-1,-1
833,1393,183.00,162.79,50.98,155.63,1,-1,-1,-1
833,1396,376.09,99.98,97.12,293.63,1,-1,-1,-1
833,1397,274.83,160.83,39.00,119.00,1,-1,-1,-1
833,1399,101.83,52.71,98.86,298.60,1,-1,-1,-1
834,1349,313.49,130.38,64.93,196.62,1,-1,-1,-1
834,1389,107.52,122.10,72.05,219.15,1,-1,-1,-1
834,1393,172.88,166.88,51.68,157.70,1,-1,-1,-1
834,1396,374.89,98.79,97.81,295.68,1,-1,-1,-1
834,1397,272.37,160.32,39.00,119.00,1,-1,-1,-1
834,1399,88.24,47.42,102.92,310.84,1,-1,-1,-1
835,1349,314.35,123.71,70.60,213.79,1,-1,-1,-1
835,1389,88.65,115.26,76.95,233.92,1,-1,-1,-1
835,1393,161.86,161.28,56.91,173.58,1,-1,-1,-1
835,1396,374.53,98.47,97.99,296.23,1,-1,-1,-1
835,1401,222.05,158.56,44.29,134.99,1,-1,-1,-1
836,1349,319.08,125.20,69.38,210.12,1,-1,-1,-1
836,1389,84.84,106.91,82.42,250.43,1,-1,-1,-1
836,1393,154.97,147.68,64.47,196.52,1,-1,-1,-1
836,1396,382.29,106.34,93.63,283.02,1,-1,-1,-1
836,1401,226.23,151.13,47.21,143.88,1,-1,-1,-1
836,1397,271.59,160.23,39.00,119.00,1,-1,-1,-1
837,1349,323.93,128.89,65.82,199.35,1,-1,-1,-1
837,1389,75.90,96.79,88.38,268.39,1,-1,-1,-1
837,1393,152.29,142.27,67.50,205.63,1,-1,-1,-1
837,1396,390.80,101.44,96.35,291.23,1,-1,-1,-1
837,1401,227.71,155.84,48.25,147.03,1,-1,-1,-1
837,1397,277.42,160.41,39.00,119.00,1,-1,-1,-1
