1,1,1617.00,553.00,39.00,119.00,1,-1,-1,-1
1,2,264.90,581.58,51.78,157.34,1,-1,-1,-1
1,3,502.44,544.22,33.82,103.47,1,-1,-1,-1
1,4,191.01,571.03,51.78,157.34,1,-1,-1,-1
2,1,1620.93,550.18,41.45,126.47,1,-1,-1,-1
2,2,267.12,580.16,45.92,139.55,1,-1,-1,-1
2,3,501.48,535.21,31.84,97.40,1,-1,-1,-1
2,4,181.85,561.87,51.78,157.34,1,-1,-1,-1
3,1,1630.32,552.16,39.73,121.23,1,-1,-1,-1
3,3,503.59,548.77,29.79,91.15,1,-1,-1,-1
3,4,172.70,573.96,54.70,166.20,1,-1,-1,-1
4,1,1637.79,550.39,41.27,125.92,1,-1,-1,-1
4,3,501.95,548.15,30.94,94.68,1,-1,-1,-1
4,4,161.54,577.92,55.62,169.01,1,-1,-1,-1
5,1,1647.39,563.77,39.71,121.17,1,-1,-1,-1
5,3,496.67,543.08,31.30,95.78,1,-1,-1,-1
5,4,149.85,570.85,55.86,169.73,1,-1,-1,-1
6,1,1656.15,574.28,39.14,119.43,1,-1,-1,-1
6,3,495.34,548.99,33.08,101.21,1,-1,-1,-1
6,4,146.65,578.70,53.24,161.76,1,-1,-1,-1
7,1,1657.94,560.37,45.40,138.50,1,-1,-1,-1
7,3,494.93,546.25,33.69,103.09,1,-1,-1,-1
7,4,137.55,578.91,54.90,166.80,1,-1,-1,-1
8,1,1664.99,568.48,47.52,144.93,1,-1,-1,-1
8,3,494.86,549.86,33.91,103.74,1,-1,-1,-1
8,4,126.91,586.63,55.46,168.51,1,-1,-1,-1
9,1,1672.70,576.74,46.21,140.92,1,-1,-1,-1
9,3,492.60,552.20,30.99,94.83,1,-1,-1,-1
9,4,115.67,581.77,55.66,169.08,1,-1,-1,-1
10,1,1680.69,594.06,43.59,132.92,1,-1,-1,-1
10,3,489.23,548.89,31.32,95.87,1,-1,-1,-1
10,4,104.23,572.22,55.71,169.24,1,-1,-1,-1
11,1,1690.43,586.04,44.60,136.00,1,-1,-1,-1
11,3,488.10,552.13,31.44,96.23,1,-1,-1,-1
11,4,92.76,583.72,55.71,169.24,1,-1,-1,-1
12,1,1698.26,591.47,42.96,130.98,1,-1,-1,-1
12,3,482.86,547.70,36.43,111.49,1,-1,-1,-1
12,11,185.31,583.04,59.63,180.89,1,-1,-1,-1
13,1,1702.51,591.03,44.34,135.16,1,-1,-1,-1
13,3,481.28,541.26,35.03,107.18,1,-1,-1,-1
13,11,174.10,573.69,59.63,180.89,1,-1,-1,-1
14,1,1709.95,584.76,44.83,136.66,1,-1,-1,-1
14,3,480.78,543.08,34.37,105.17,1,-1,-1,-1
14,11,168.35,571.47,66.57,201.93,1,-1,-1,-1
15,1,1718.58,588.27,45.01,137.19,1,-1,-1,-1
15,3,480.67,543.78,34.11,104.36,1,-1,-1,-1
15,11,159.89,578.61,62.47,189.49,1,-1,-1,-1
15,12,1619.78,592.62,41.87,127.61,1,-1,-1,-1
16,1,1724.97,584.91,47.21,143.86,1,-1,-1,-1
16,3,479.63,545.66,31.06,95.08,1,-1,-1,-1
16,12,1627.73,599.23,41.87,127.61,1,-1,-1,-1
17,1,1733.61,583.60,48.03,146.34,1,-1,-1,-1
17,3,475.68,544.72,32.91,100.72,1,-1,-1,-1
17,12,1632.63,601.29,39.67,120.91,1,-1,-1,-1
17,11,122.63,584.73,63.83,193.62,1,-1,-1,-1
18,1,1743.08,589.43,48.33,147.24,1,-1,-1,-1
18,3,473.31,539.68,36.87,112.80,1,-1,-1,-1
18,13,516.28,544.55,34.36,104.97,1,-1,-1,-1
19,1,1754.21,595.80,46.31,141.05,1,-1,-1,-1
19,3,472.44,537.77,38.37,117.36,1,-1,-1,-1
20,1,1764.26,598.19,45.49,138.55,1,-1,-1,-1
21,1,1773.31,601.31,47.34,144.18,1,-1,-1,-1
21,3,467.98,542.60,35.05,107.23,1,-1,-1,-1
22,1,1782.92,596.01,48.02,146.24,1,-1,-1,-1
22,14,1431.40,529.00,39.00,119.00,1,-1,-1,-1
22,3,464.77,535.85,39.61,121.13,1,-1,-1,-1
23,1,1787.18,593.98,50.55,153.91,1,-1,-1,-1
23,14,1432.63,529.00,39.00,119.00,1,-1,-1,-1
23,3,464.30,536.58,39.23,119.94,1,-1,-1,-1
24,1,1795.36,593.18,51.51,156.80,1,-1,-1,-1
24,14,1433.05,529.00,39.00,119.00,1,-1,-1,-1
24,3,463.58,539.61,40.92,125.06,1,-1,-1,-1
25,1,1809.70,599.07,49.61,150.99,1,-1,-1,-1
25,14,1439.14,535.00,39.00,119.00,1,-1,-1,-1
25,3,458.81,548.37,39.74,121.42,1,-1,-1,-1
26,1,1817.17,601.94,51.13,155.61,1,-1,-1,-1
26,14,1441.48,533.77,41.05,125.24,1,-1,-1,-1
26,3,455.98,549.68,41.12,125.62,1,-1,-1,-1
27,1,1823.62,601.62,54.12,164.68,1,-1,-1,-1
27,14,1447.36,541.84,39.80,121.42,1,-1,-1,-1
27,3,454.97,550.14,41.64,127.17,1,-1,-1,-1
28,1,1833.12,601.47,55.26,168.10,1,-1,-1,-1
28,14,1449.40,539.22,39.29,119.88,1,-1,-1,-1
28,3,454.65,550.27,41.83,127.74,1,-1,-1,-1
29,1,1843.84,608.65,55.69,169.37,1,-1,-1,-1
29,14,1455.50,543.68,39.10,119.31,1,-1,-1,-1
29,3,450.38,552.40,40.05,122.30,1,-1,-1,-1
30,1,1856.63,619.10,53.40,162.39,1,-1,-1,-1
30,14,1457.59,545.23,39.04,119.10,1,-1,-1,-1
31,14,1458.21,551.11,39.01,119.03,1,-1,-1,-1
31,3,440.10,570.94,41.43,126.49,1,-1,-1,-1
32,14,1463.69,558.58,39.00,119.00,1,-1,-1,-1
32,3,439.84,570.60,39.84,121.63,1,-1,-1,-1
33,14,1465.61,550.55,39.00,118.99,1,-1,-1,-1
33,3,439.85,565.01,39.25,119.83,1,-1,-1,-1
34,14,1471.54,547.42,39.00,118.99,1,-1,-1,-1
34,3,438.12,561.10,40.93,124.91,1,-1,-1,-1
35,14,1473.63,546.19,39.00,118.99,1,-1,-1,-1
35,3,434.07,556.17,39.70,121.16,1,-1,-1,-1
36,14,1479.60,545.68,39.00,118.99,1,-1,-1,-1
36,3,432.60,554.18,39.21,119.67,1,-1,-1,-1
36,15,1572.68,524.24,25.80,79.31,1,-1,-1,-1
37,14,1481.72,545.46,39.00,118.99,1,-1,-1,-1
37,3,429.97,545.56,40.92,124.86,1,-1,-1,-1
37,15,1573.40,522.04,26.96,82.87,1,-1,-1,-1
38,14,1484.58,537.13,40.87,124.70,1,-1,-1,-1
38,3,425.95,550.10,39.70,121.15,1,-1,-1,-1
38,15,1571.08,490.45,38.26,117.56,1,-1,-1,-1
38,16,1819.52,622.48,56.42,171.15,1,-1,-1,-1
39,14,1488.61,542.09,39.73,121.22,1,-1,-1,-1
39,3,424.51,546.61,39.22,119.68,1,-1,-1,-1
39,15,1574.52,484.48,40.42,124.15,1,-1,-1,-1
39,16,1830.71,631.96,55.79,169.24,1,-1,-1,-1
40,14,1495.32,538.75,39.27,119.81,1,-1,-1,-1
40,3,424.06,545.32,39.04,119.14,1,-1,-1,-1
40,15,1581.48,483.36,40.82,125.35,1,-1,-1,-1
40,16,1842.41,632.59,58.75,178.24,1,-1,-1,-1
41,14,1503.01,542.82,39.09,119.28,1,-1,-1,-1
41,3,423.98,544.87,38.98,118.95,1,-1,-1,-1
41,15,1589.53,496.05,35.89,110.19,1,-1,-1,-1
41,16,1847.47,627.65,62.83,190.61,1,-1,-1,-1
42,14,1505.74,544.35,39.03,119.08,1,-1,-1,-1
42,3,421.48,547.88,40.84,124.60,1,-1,-1,-1
43,14,1510.00,542.37,40.88,124.71,1,-1,-1,-1
43,3,417.89,551.11,39.69,121.09,1,-1,-1,-1
43,15,1593.57,501.45,38.66,118.65,1,-1,-1,-1
44,14,1513.37,549.32,39.73,121.20,1,-1,-1,-1
44,3,413.65,550.24,41.11,125.42,1,-1,-1,-1
44,15,1596.22,493.15,40.70,124.84,1,-1,-1,-1
45,14,1518.19,549.89,41.14,125.51,1,-1,-1,-1
45,3,415.01,552.04,39.79,121.39,1,-1,-1,-1
45,15,1599.90,489.17,43.39,133.03,1,-1,-1,-1
46,14,1519.89,550.09,41.66,127.09,1,-1,-1,-1
46,3,410.35,552.75,39.26,119.79,1,-1,-1,-1
46,15,1601.82,503.75,40.67,124.65,1,-1,-1,-1
47,14,1527.16,557.48,40.01,122.04,1,-1,-1,-1
47,3,408.70,553.00,39.07,119.20,1,-1,-1,-1
47,15,1613.08,504.48,39.53,121.10,1,-1,-1,-1
48,14,1535.12,560.31,39.35,120.05,1,-1,-1,-1
48,3,405.76,552.67,42.89,130.83,1,-1,-1,-1
48,15,1622.03,523.33,31.41,96.25,1,-1,-1,-1
49,14,1537.12,559.52,41.00,125.04,1,-1,-1,-1
49,3,407.00,558.05,40.54,123.68,1,-1,-1,-1
49,15,1625.81,531.54,31.23,95.69,1,-1,-1,-1
50,14,1537.76,559.20,41.60,126.87,1,-1,-1,-1
50,3,402.36,554.92,39.55,120.64,1,-1,-1,-1
50,15,1631.47,529.53,31.17,95.50,1,-1,-1,-1
51,14,1543.84,566.01,39.98,121.93,1,-1,-1,-1
51,3,400.72,559.08,39.18,119.51,1,-1,-1,-1
51,15,1634.04,513.46,36.21,110.91,1,-1,-1,-1
52,14,1551.33,568.59,39.33,119.98,1,-1,-1,-1
52,3,396.48,558.82,40.92,124.83,1,-1,-1,-1
52,15,1641.95,526.67,31.91,97.76,1,-1,-1,-1
53,14,1553.89,568.08,40.98,125.00,1,-1,-1,-1
53,3,394.96,558.71,41.57,126.79,1,-1,-1,-1
53,15,1642.80,511.99,36.62,112.14,1,-1,-1,-1
54,14,1560.35,567.86,41.59,126.84,1,-1,-1,-1
54,3,392.88,560.40,39.96,121.90,1,-1,-1,-1
54,15,1649.89,521.43,33.47,102.49,1,-1,-1,-1
55,14,1563.80,564.21,43.81,133.57,1,-1,-1,-1
55,3,388.11,559.23,41.22,125.71,1,-1,-1,-1
55,15,1655.63,530.40,30.65,93.88,1,-1,-1,-1
56,14,1565.10,555.30,48.98,149.31,1,-1,-1,-1
56,3,385.19,560.55,39.83,121.47,1,-1,-1,-1
56,15,1658.73,533.16,31.11,95.28,1,-1,-1,-1
56,17,322.60,553.00,39.00,119.00,1,-1,-1,-1
57,14,1572.18,551.88,50.97,155.33,1,-1,-1,-1
57,3,379.72,559.25,41.16,125.54,1,-1,-1,-1
57,15,1662.53,530.50,29.84,91.40,1,-1,-1,-1
57,17,321.37,553.00,39.00,119.00,1,-1,-1,-1
58,14,1574.90,550.48,51.76,157.69,1,-1,-1,-1
58,3,376.93,555.28,39.80,121.40,1,-1,-1,-1
58,15,1665.28,528.64,30.83,94.44,1,-1,-1,-1
58,17,314.73,553.00,39.00,119.00,1,-1,-1,-1
59,14,1582.54,549.94,52.04,158.51,1,-1,-1,-1
59,3,376.87,551.55,41.15,125.51,1,-1,-1,-1
59,15,1666.86,525.31,32.71,100.19,1,-1,-1,-1
59,17,310.21,550.56,41.12,125.46,1,-1,-1,-1
60,14,1586.85,557.79,49.88,151.89,1,-1,-1,-1
60,3,371.29,550.19,41.65,127.01,1,-1,-1,-1
60,15,1666.68,513.35,38.56,118.05,1,-1,-1,-1
60,17,308.83,549.77,41.81,127.56,1,-1,-1,-1
61,14,1587.14,548.82,53.75,163.63,1,-1,-1,-1
61,3,363.63,549.69,41.84,127.57,1,-1,-1,-1
61,15,1667.34,488.40,44.63,136.57,1,-1,-1,-1
61,17,305.27,551.77,40.07,122.25,1,-1,-1,-1
62,14,1593.66,549.28,52.78,160.67,1,-1,-1,-1
62,3,365.98,551.66,40.04,122.11,1,-1,-1,-1
62,17,304.16,546.97,39.38,120.16,1,-1,-1,-1
63,14,1605.30,551.11,47.94,145.93,1,-1,-1,-1
63,3,361.81,561.76,41.24,125.75,1,-1,-1,-1
63,17,298.38,561.83,39.13,119.39,1,-1,-1,-1
64,14,1607.08,557.35,50.56,153.88,1,-1,-1,-1
64,3,359.23,549.88,43.66,133.11,1,-1,-1,-1
64,17,295.13,549.63,43.03,131.27,1,-1,-1,-1
64,15,1687.01,507.21,40.18,122.91,1,-1,-1,-1
65,14,1608.29,560.76,49.21,149.76,1,-1,-1,-1
65,3,353.89,555.12,42.62,129.94,1,-1,-1,-1
65,17,288.02,551.23,44.43,135.51,1,-1,-1,-1
65,18,405.01,557.26,41.26,125.89,1,-1,-1,-1
65,15,1689.74,505.70,39.17,119.79,1,-1,-1,-1
66,3,352.22,564.29,40.32,122.93,1,-1,-1,-1
66,17,287.36,562.73,41.14,125.48,1,-1,-1,-1
66,18,404.26,564.55,41.69,127.19,1,-1,-1,-1
66,15,1696.04,505.24,38.86,118.80,1,-1,-1,-1
67,3,343.71,550.42,43.38,132.23,1,-1,-1,-1
67,17,283.97,554.28,41.69,127.14,1,-1,-1,-1
67,18,397.41,553.96,41.84,127.65,1,-1,-1,-1
67,15,1698.19,515.74,38.76,118.48,1,-1,-1,-1
67,14,1625.28,576.15,45.96,139.86,1,-1,-1,-1
68,3,337.40,545.20,46.56,141.90,1,-1,-1,-1
68,17,277.14,556.94,41.88,127.72,1,-1,-1,-1
68,18,388.96,559.11,44.12,134.62,1,-1,-1,-1
68,15,1703.11,523.84,33.83,103.42,1,-1,-1,-1
68,14,1627.47,567.34,47.42,144.31,1,-1,-1,-1
69,3,332.45,543.50,45.72,139.33,1,-1,-1,-1
69,18,386.16,558.60,42.76,130.43,1,-1,-1,-1
69,15,1707.32,528.95,33.56,102.62,1,-1,-1,-1
69,14,1628.59,570.21,50.21,152.77,1,-1,-1,-1
70,3,328.35,540.37,49.76,151.60,1,-1,-1,-1
70,18,385.45,558.40,42.19,128.71,1,-1,-1,-1
70,15,1707.13,524.28,36.96,112.97,1,-1,-1,-1
70,14,1634.98,572.04,48.99,149.05,1,-1,-1,-1
71,3,325.43,541.34,49.05,149.42,1,-1,-1,-1
71,18,379.11,554.21,44.09,134.47,1,-1,-1,-1
71,15,1707.06,522.64,38.15,116.60,1,-1,-1,-1
71,14,1638.06,571.87,50.81,154.58,1,-1,-1,-1
72,3,322.25,548.11,46.60,141.95,1,-1,-1,-1
72,18,377.25,556.71,42.73,130.32,1,-1,-1,-1
72,15,1706.85,516.70,38.64,118.07,1,-1,-1,-1
72,14,1641.91,568.95,53.93,164.02,1,-1,-1,-1
73,3,316.94,544.37,47.78,145.52,1,-1,-1,-1
73,18,370.96,557.72,42.18,128.63,1,-1,-1,-1
73,15,1706.63,519.62,38.83,118.65,1,-1,-1,-1
73,14,1643.27,567.81,55.11,167.61,1,-1,-1,-1
74,3,309.19,540.84,50.48,153.70,1,-1,-1,-1
74,18,368.82,558.10,41.97,128.00,1,-1,-1,-1
74,15,1711.70,520.72,38.91,118.87,1,-1,-1,-1
74,14,1647.62,570.12,53.15,161.61,1,-1,-1,-1
75,3,304.46,547.86,47.17,143.64,1,-1,-1,-1
75,18,361.28,554.25,43.93,133.97,1,-1,-1,-1
75,15,1713.53,521.11,38.94,118.96,1,-1,-1,-1
75,14,1654.37,578.32,50.03,152.13,1,-1,-1,-1
76,3,297.67,544.32,47.96,146.01,1,-1,-1,-1
76,18,356.11,552.95,46.79,142.65,1,-1,-1,-1
76,15,1714.88,527.36,35.60,108.76,1,-1,-1,-1
76,14,1658.48,581.03,51.18,155.63,1,-1,-1,-1
77,3,288.45,540.86,50.53,153.80,1,-1,-1,-1
77,18,350.77,552.36,45.78,139.55,1,-1,-1,-1
77,15,1714.42,523.39,37.78,115.42,1,-1,-1,-1
77,14,1659.88,581.97,51.60,156.88,1,-1,-1,-1
78,3,284.96,547.96,47.14,143.51,1,-1,-1,-1
78,18,342.82,552.16,45.34,138.19,1,-1,-1,-1
78,15,1714.27,522.03,38.53,117.70,1,-1,-1,-1
78,14,1664.96,582.61,49.46,150.37,1,-1,-1,-1
79,3,277.84,544.40,47.92,145.86,1,-1,-1,-1
79,18,339.99,552.11,45.16,137.63,1,-1,-1,-1
79,14,1668.99,582.41,50.96,154.95,1,-1,-1,-1
80,3,275.37,543.12,48.20,146.69,1,-1,-1,-1
80,18,333.04,552.11,45.08,137.39,1,-1,-1,-1
80,14,1670.37,582.31,51.51,156.61,1,-1,-1,-1
81,3,268.51,549.02,46.15,140.47,1,-1,-1,-1
81,18,324.53,552.13,45.05,137.26,1,-1,-1,-1
81,14,1670.73,582.23,51.72,157.23,1,-1,-1,-1
82,3,259.17,551.43,47.54,144.67,1,-1,-1,-1
82,14,1675.01,579.79,54.26,164.94,1,-1,-1,-1
83,3,255.88,552.31,48.04,146.19,1,-1,-1,-1
83,14,1676.54,578.86,55.21,167.81,1,-1,-1,-1
83,19,131.02,552.52,47.55,144.76,1,-1,-1,-1
84,3,249.60,552.51,46.08,140.25,1,-1,-1,-1
84,14,1676.99,578.47,55.57,168.89,1,-1,-1,-1
84,19,129.94,556.91,43.29,131.78,1,-1,-1,-1
85,3,239.62,552.68,47.50,144.56,1,-1,-1,-1
85,14,1676.39,581.59,58.32,177.20,1,-1,-1,-1
85,19,122.18,561.05,44.26,134.76,1,-1,-1,-1
86,3,233.40,551.01,50.31,153.07,1,-1,-1,-1
86,14,1683.99,579.52,56.77,172.48,1,-1,-1,-1
86,19,113.16,562.14,44.59,135.74,1,-1,-1,-1
86,18,293.04,565.54,42.17,128.51,1,-1,-1,-1
87,3,227.49,552.06,49.12,149.44,1,-1,-1,-1
87,14,1686.75,581.97,58.76,178.50,1,-1,-1,-1
87,19,108.99,555.83,47.09,143.35,1,-1,-1,-1
87,18,286.32,563.06,44.04,134.17,1,-1,-1,-1
88,3,221.53,558.42,46.46,141.38,1,-1,-1,-1
88,14,1687.83,586.93,56.89,172.82,1,-1,-1,-1
88,19,102.71,559.82,45.71,139.16,1,-1,-1,-1
88,18,278.01,562.34,44.60,135.88,1,-1,-1,-1
89,3,216.99,561.39,47.63,144.94,1,-1,-1,-1
89,14,1687.96,592.73,58.78,178.54,1,-1,-1,-1
89,19,94.30,561.31,45.17,137.52,1,-1,-1,-1
89,18,268.66,562.59,46.96,143.05,1,-1,-1,-1
90,3,215.45,562.44,48.06,146.21,1,-1,-1,-1
90,14,1690.57,588.78,62.27,189.10,1,-1,-1,-1
90,19,85.22,568.12,44.98,136.94,1,-1,-1,-1
90,18,265.64,568.08,45.75,139.33,1,-1,-1,-1
90,23,424.71,555.60,40.26,122.57,1,-1,-1,-1
91,3,208.62,562.80,48.21,146.69,1,-1,-1,-1
91,14,1688.93,593.21,60.85,184.75,1,-1,-1,-1
91,19,75.93,570.53,44.92,136.75,1,-1,-1,-1
91,18,257.94,571.21,47.40,144.37,1,-1,-1,-1
91,23,418.53,559.91,39.32,119.72,1,-1,-1,-1
92,3,199.73,569.38,48.27,146.85,1,-1,-1,-1
92,14,1684.92,565.13,76.54,232.31,1,-1,-1,-1
92,19,69.72,572.35,47.10,143.38,1,-1,-1,-1
92,18,248.80,572.35,48.02,146.22,1,-1,-1,-1
92,23,407.36,554.31,43.73,133.14,1,-1,-1,-1
93,3,190.09,571.83,48.29,146.90,1,-1,-1,-1
93,14,1678.79,556.82,85.81,260.33,1,-1,-1,-1
93,19,61.12,572.96,47.90,145.80,1,-1,-1,-1
93,18,240.74,577.75,46.12,140.44,1,-1,-1,-1
93,23,403.09,563.02,42.88,130.55,1,-1,-1,-1
94,3,180.16,572.70,48.29,146.91,1,-1,-1,-1
94,14,1676.05,553.28,89.77,272.24,1,-1,-1,-1
94,19,49.42,578.18,46.05,140.18,1,-1,-1,-1
94,18,237.96,579.78,45.37,138.13,1,-1,-1,-1
94,23,395.91,566.34,42.42,129.15,1,-1,-1,-1
94,24,1696.96,605.60,60.54,183.50,1,-1,-1,-1
95,3,176.65,572.96,48.29,146.90,1,-1,-1,-1
95,14,1676.03,551.98,95.40,289.22,1,-1,-1,-1
95,18,225.72,574.55,49.57,150.91,1,-1,-1,-1
95,23,392.02,574.52,40.22,122.46,1,-1,-1,-1
95,24,1699.60,601.16,66.86,202.66,1,-1,-1,-1
96,3,163.09,572.19,50.59,153.88,1,-1,-1,-1
96,14,1686.22,551.41,93.57,283.58,1,-1,-1,-1
96,18,218.09,579.72,48.87,148.76,1,-1,-1,-1
96,23,385.36,577.28,39.40,119.98,1,-1,-1,-1
96,24,1702.82,608.53,65.50,198.54,1,-1,-1,-1
97,3,158.17,571.88,51.45,156.47,1,-1,-1,-1
97,14,1690.40,551.28,92.67,280.77,1,-1,-1,-1
97,18,215.42,581.77,48.56,147.80,1,-1,-1,-1
97,23,369.71,561.07,45.46,138.45,1,-1,-1,-1
97,24,1703.84,611.37,64.70,196.13,1,-1,-1,-1
98,3,149.15,577.50,47.37,144.09,1,-1,-1,-1
98,18,208.19,582.49,48.43,147.39,1,-1,-1,-1
98,23,366.52,571.27,41.68,126.95,1,-1,-1,-1
98,24,1713.49,612.21,64.37,195.13,1,-1,-1,-1
98,25,1690.66,538.97,37.37,114.49,1,-1,-1,-1
99,3,139.91,581.11,47.94,145.82,1,-1,-1,-1
99,18,199.21,582.71,48.37,147.21,1,-1,-1,-1
99,23,360.62,574.57,41.91,127.65,1,-1,-1,-1
99,24,1716.69,612.41,64.23,194.70,1,-1,-1,-1
99,25,1689.51,543.36,38.45,117.77,1,-1,-1,-1
100,3,130.23,582.37,48.14,146.43,1,-1,-1,-1
100,18,191.48,582.40,50.64,154.10,1,-1,-1,-1
100,23,343.79,558.60,48.53,147.79,1,-1,-1,-1
100,24,1716.07,613.84,67.36,204.18,1,-1,-1,-1
100,25,1689.06,545.05,38.86,119.03,1,-1,-1,-1
101,3,120.35,582.77,48.22,146.66,1,-1,-1,-1
101,18,181.90,582.26,51.49,156.65,1,-1,-1,-1
101,23,340.86,568.93,44.77,136.36,1,-1,-1,-1
101,24,1715.76,614.31,68.47,207.53,1,-1,-1,-1
101,25,1688.94,545.49,38.98,119.37,1,-1,-1,-1
102,3,117.75,587.51,46.09,140.20,1,-1,-1,-1
102,18,171.58,582.16,51.81,157.60,1,-1,-1,-1
102,23,334.69,573.48,43.03,131.06,1,-1,-1,-1
102,24,1717.92,613.89,72.16,218.69,1,-1,-1,-1
102,25,1683.24,545.55,39.00,119.41,1,-1,-1,-1
103,3,109.71,584.49,47.47,144.39,1,-1,-1,-1
103,18,166.91,582.42,49.63,150.99,1,-1,-1,-1
103,23,326.96,575.13,42.37,129.05,1,-1,-1,-1
103,24,1725.44,614.22,70.29,213.01,1,-1,-1,-1
103,25,1681.25,545.51,39.00,119.38,1,-1,-1,-1
104,3,100.47,583.38,47.97,145.91,1,-1,-1,-1
104,18,158.94,582.47,48.77,148.35,1,-1,-1,-1
104,23,318.65,575.70,42.12,128.28,1,-1,-1,-1
104,24,1728.27,614.29,69.47,210.51,1,-1,-1,-1
104,25,1680.61,545.44,38.99,119.33,1,-1,-1,-1
104,26,1542.22,514.74,31.02,95.16,1,-1,-1,-1
104,27,379.98,574.53,42.52,129.46,1,-1,-1,-1
105,3,88.00,582.56,50.46,153.47,1,-1,-1,-1
105,23,312.34,582.22,40.13,122.24,1,-1,-1,-1
105,24,1732.22,613.75,72.42,219.46,1,-1,-1,-1
105,25,1680.44,545.37,38.98,119.28,1,-1,-1,-1
105,26,1541.31,514.44,31.34,96.15,1,-1,-1,-1
105,27,368.58,565.01,46.98,143.01,1,-1,-1,-1
106,3,76.67,582.23,51.39,156.30,1,-1,-1,-1
106,23,302.33,578.18,41.28,125.77,1,-1,-1,-1
106,24,1730.67,623.13,70.28,212.95,1,-1,-1,-1
106,25,1675.04,545.32,38.97,119.24,1,-1,-1,-1
106,26,1536.30,515.87,29.82,91.49,1,-1,-1,-1
106,27,360.34,568.11,46.02,140.09,1,-1,-1,-1
107,3,72.57,575.20,51.75,157.37,1,-1,-1,-1
107,24,1732.89,616.98,72.67,220.20,1,-1,-1,-1
107,25,1673.09,545.27,38.97,119.20,1,-1,-1,-1
107,26,1534.02,515.90,27.80,85.31,1,-1,-1,-1
107,27,351.11,569.67,45.46,138.39,1,-1,-1,-1
108,3,60.02,569.62,54.32,165.17,1,-1,-1,-1
108,24,1739.77,624.30,70.31,213.04,1,-1,-1,-1
108,25,1666.71,536.94,40.85,124.93,1,-1,-1,-1
108,27,340.19,555.17,50.11,152.54,1,-1,-1,-1
109,3,52.99,570.31,52.88,160.78,1,-1,-1,-1
109,24,1742.32,627.12,69.34,210.10,1,-1,-1,-1
109,25,1664.77,541.97,39.71,121.41,1,-1,-1,-1
109,27,330.09,546.38,54.18,164.91,1,-1,-1,-1
110,3,43.72,570.62,52.27,158.92,1,-1,-1,-1
110,24,1745.12,626.26,75.80,229.61,1,-1,-1,-1
110,25,1664.15,543.99,39.24,119.96,1,-1,-1,-1
110,27,322.25,560.61,48.84,148.65,1,-1,-1,-1
110,29,194.02,584.81,39.61,120.72,1,-1,-1,-1
110,23,267.31,583.82,41.82,127.42,1,-1,-1,-1
111,3,33.57,570.75,52.03,158.18,1,-1,-1,-1
111,24,1746.13,625.94,78.15,236.70,1,-1,-1,-1
111,27,315.45,561.23,48.68,148.15,1,-1,-1,-1
111,29,183.10,589.41,37.10,113.06,1,-1,-1,-1
111,23,258.53,584.34,41.88,127.60,1,-1,-1,-1
112,3,24.10,575.41,54.40,165.37,1,-1,-1,-1
112,24,1746.39,625.75,79.05,239.41,1,-1,-1,-1
112,27,306.63,568.13,48.60,147.92,1,-1,-1,-1
112,29,175.58,592.72,34.31,104.59,1,-1,-1,-1
112,23,249.88,584.51,41.90,127.66,1,-1,-1,-1
113,3,12.92,579.47,52.86,160.67,1,-1,-1,-1
113,24,1746.38,625.62,79.36,240.33,1,-1,-1,-1
113,29,166.04,591.65,35.58,108.48,1,-1,-1,-1
113,23,241.26,584.54,41.90,127.68,1,-1,-1,-1
114,3,8.51,581.41,49.91,151.71,1,-1,-1,-1
114,24,1746.28,625.54,79.44,240.56,1,-1,-1,-1
114,29,154.52,593.01,37.89,115.51,1,-1,-1,-1
114,23,232.98,590.43,40.03,121.99,1,-1,-1,-1
114,18,65.03,581.86,51.64,157.07,1,-1,-1,-1
115,3,0.69,581.76,51.13,155.43,1,-1,-1,-1
115,24,1746.16,625.47,79.44,240.53,1,-1,-1,-1
115,29,143.79,596.98,36.87,112.41,1,-1,-1,-1
115,23,224.88,592.63,39.31,119.81,1,-1,-1,-1
115,18,51.71,574.50,57.04,173.42,1,-1,-1,-1
116,3,-1.98,588.70,49.27,149.78,1,-1,-1,-1
116,24,1749.39,621.06,83.14,251.69,1,-1,-1,-1
116,29,135.18,598.37,36.48,111.24,1,-1,-1,-1
116,23,210.02,593.13,40.95,124.81,1,-1,-1,-1
116,18,44.90,576.54,56.32,171.18,1,-1,-1,-1
116,27,268.21,578.82,45.41,138.19,1,-1,-1,-1
117,24,1757.57,633.97,80.85,244.75,1,-1,-1,-1
117,29,122.63,595.23,38.17,116.39,1,-1,-1,-1
117,23,199.16,593.28,41.55,126.63,1,-1,-1,-1
117,18,35.30,577.40,55.98,170.15,1,-1,-1,-1
117,27,255.86,573.69,49.79,151.52,1,-1,-1,-1
118,24,1760.72,639.10,79.87,241.78,1,-1,-1,-1
118,29,113.04,594.07,38.77,118.24,1,-1,-1,-1
118,23,189.73,593.28,41.78,127.34,1,-1,-1,-1
118,18,18.27,574.36,61.29,186.20,1,-1,-1,-1
118,27,248.29,578.01,46.71,142.16,1,-1,-1,-1
119,24,1761.81,640.98,79.48,240.58,1,-1,-1,-1
119,29,115.20,599.04,40.88,124.66,1,-1,-1,-1
119,18,11.43,579.69,60.54,183.89,1,-1,-1,-1
119,27,235.24,573.66,50.03,152.23,1,-1,-1,-1
120,24,1762.12,641.62,79.31,240.06,1,-1,-1,-1
120,29,109.89,599.01,43.64,133.06,1,-1,-1,-1
120,27,226.94,579.31,48.94,148.90,1,-1,-1,-1
121,24,1762.15,641.79,79.23,239.81,1,-1,-1,-1
121,29,102.17,598.96,44.70,136.26,1,-1,-1,-1
121,27,214.00,581.17,50.81,154.58,1,-1,-1,-1
122,24,1766.25,638.16,82.95,251.03,1,-1,-1,-1
122,29,93.49,598.89,45.09,137.44,1,-1,-1,-1
122,27,202.54,581.84,51.50,156.66,1,-1,-1,-1
123,24,1767.73,636.78,84.33,255.19,1,-1,-1,-1
123,29,80.82,606.27,43.24,131.81,1,-1,-1,-1
123,27,191.59,582.05,51.76,157.44,1,-1,-1,-1
123,30,267.06,566.86,39.61,120.72,1,-1,-1,-1
124,24,1779.34,647.35,84.84,256.72,1,-1,-1,-1
124,29,70.60,609.10,42.48,129.49,1,-1,-1,-1
124,27,180.86,582.09,51.85,157.70,1,-1,-1,-1
124,30,260.13,566.89,41.38,126.13,1,-1,-1,-1
125,24,1783.37,645.94,89.00,269.28,1,-1,-1,-1
125,29,58.18,608.61,44.19,134.70,1,-1,-1,-1
125,27,170.22,582.07,51.88,157.76,1,-1,-1,-1
125,30,250.93,562.81,44.28,134.94,1,-1,-1,-1
125,14,1768.71,547.05,128.36,388.41,1,-1,-1,-1
126,24,1784.82,645.37,90.56,273.97,1,-1,-1,-1
126,29,47.78,608.39,44.82,136.60,1,-1,-1,-1
126,27,159.61,582.02,51.88,157.75,1,-1,-1,-1
126,30,241.44,561.46,45.19,137.72,1,-1,-1,-1
127,24,1797.16,645.09,91.14,275.68,1,-1,-1,-1
127,29,33.42,610.95,47.17,143.73,1,-1,-1,-1
127,27,148.97,588.80,49.57,150.75,1,-1,-1,-1
127,30,233.14,564.84,43.28,131.89,1,-1,-1,-1
128,24,1801.43,650.38,87.35,264.20,1,-1,-1,-1
128,29,21.84,611.90,48.06,146.41,1,-1,-1,-1
128,27,137.44,589.59,53.53,162.75,1,-1,-1,-1
128,30,224.54,566.18,42.48,129.45,1,-1,-1,-1
129,24,1797.54,651.32,94.22,284.94,1,-1,-1,-1
129,29,10.85,615.48,46.28,140.98,1,-1,-1,-1
129,27,126.05,589.87,54.94,167.03,1,-1,-1,-1
129,30,215.89,572.63,42.17,128.52,1,-1,-1,-1
130,24,1801.67,659.07,92.52,279.78,1,-1,-1,-1
130,29,0.97,617.90,43.53,132.62,1,-1,-1,-1
130,27,117.91,598.02,50.80,154.43,1,-1,-1,-1
130,30,207.24,574.93,42.05,128.14,1,-1,-1,-1
131,24,1803.16,662.12,91.76,277.47,1,-1,-1,-1
131,27,104.42,592.76,53.99,164.11,1,-1,-1,-1
131,30,195.74,572.51,44.05,134.24,1,-1,-1,-1
131,31,1729.00,561.00,39.00,119.00,1,-1,-1,-1
132,24,1810.84,655.58,95.74,289.48,1,-1,-1,-1
132,27,92.34,598.25,55.11,167.50,1,-1,-1,-1
132,30,188.86,574.72,42.77,130.34,1,-1,-1,-1
132,31,1722.83,561.00,39.00,119.00,1,-1,-1,-1
133,24,1818.35,660.59,92.99,281.14,1,-1,-1,-1
133,27,84.10,601.69,53.10,161.39,1,-1,-1,-1
133,30,180.94,575.53,42.24,128.73,1,-1,-1,-1
133,31,1720.77,561.00,39.00,119.00,1,-1,-1,-1
134,24,1821.12,662.50,91.83,277.64,1,-1,-1,-1
134,27,70.48,601.58,54.78,166.47,1,-1,-1,-1
134,30,172.59,581.55,42.04,128.11,1,-1,-1,-1
134,31,1720.31,561.00,39.00,119.00,1,-1,-1,-1
135,24,1822.02,663.16,91.38,276.25,1,-1,-1,-1
135,27,55.83,609.73,52.95,160.90,1,-1,-1,-1
135,30,164.08,583.74,41.96,127.86,1,-1,-1,-1
135,31,1714.49,561.00,39.00,119.00,1,-1,-1,-1
136,24,1830.42,668.69,95.51,288.73,1,-1,-1,-1
136,27,45.71,611.96,54.71,166.24,1,-1,-1,-1
136,30,155.52,584.49,41.92,127.76,1,-1,-1,-1
136,31,1712.59,561.00,39.00,119.00,1,-1,-1,-1
137,27,34.84,612.73,55.35,168.18,1,-1,-1,-1
137,30,146.93,584.71,41.91,127.72,1,-1,-1,-1
137,31,1712.05,561.00,39.00,119.00,1,-1,-1,-1
138,27,16.83,609.90,58.22,176.86,1,-1,-1,-1
138,31,1711.98,561.00,39.00,119.00,1,-1,-1,-1
139,27,2.44,611.77,56.71,172.27,1,-1,-1,-1
139,31,1706.62,561.00,39.00,119.00,1,-1,-1,-1
140,31,1704.73,561.00,39.00,119.00,1,-1,-1,-1
141,31,1704.13,555.63,39.00,119.00,1,-1,-1,-1
141,32,1561.00,545.00,39.00,119.00,1,-1,-1,-1
142,31,1704.01,553.64,39.00,119.00,1,-1,-1,-1
142,32,1561.00,545.00,39.00,119.00,1,-1,-1,-1
143,31,1702.63,563.11,37.24,113.64,1,-1,-1,-1
143,32,1554.78,545.00,39.00,119.00,1,-1,-1,-1
144,31,1698.23,561.81,38.36,117.06,1,-1,-1,-1
144,32,1552.83,545.00,39.00,119.00,1,-1,-1,-1
145,31,1696.69,561.34,38.77,118.29,1,-1,-1,-1
145,32,1546.11,542.23,41.05,125.24,1,-1,-1,-1
146,31,1696.20,561.15,38.92,118.77,1,-1,-1,-1
146,32,1544.29,543.92,39.80,121.42,1,-1,-1,-1
147,31,1696.09,566.37,38.98,118.95,1,-1,-1,-1
147,32,1537.46,547.91,41.26,125.87,1,-1,-1,-1
148,31,1690.83,563.04,39.00,119.01,1,-1,-1,-1
148,32,1535.93,551.51,39.87,121.64,1,-1,-1,-1
149,31,1688.18,566.58,37.26,113.72,1,-1,-1,-1
149,32,1530.12,547.38,39.31,119.95,1,-1,-1,-1
150,31,1682.64,563.01,38.37,117.11,1,-1,-1,-1
150,32,1528.15,551.27,39.11,119.32,1,-1,-1,-1
151,32,1522.19,552.68,39.03,119.09,1,-1,-1,-1
152,32,1512.84,545.25,40.90,124.78,1,-1,-1,-1
153,32,1506.13,545.01,39.74,121.23,1,-1,-1,-1
154,32,1501.45,542.36,41.16,125.55,1,-1,-1,-1
155,32,1496.88,543.91,39.83,121.49,1,-1,-1,-1
156,32,1490.03,544.55,39.29,119.87,1,-1,-1,-1
157,32,1482.34,544.79,39.09,119.26,1,-1,-1,-1
158,32,1476.22,542.34,40.90,124.77,1,-1,-1,-1
159,32,1472.23,538.72,39.73,121.19,1,-1,-1,-1
160,32,1465.66,542.65,39.26,119.76,1,-1,-1,-1
161,32,1463.41,538.81,39.08,119.22,1,-1,-1,-1
162,32,1458.53,540.16,40.89,124.74,1,-1,-1,-1
163,32,1455.78,543.17,39.72,121.18,1,-1,-1,-1
164,32,1449.67,544.37,39.25,119.75,1,-1,-1,-1
165,32,1442.25,544.82,39.08,119.22,1,-1,-1,-1
166,32,1439.67,544.99,39.01,119.02,1,-1,-1,-1
167,32,1433.59,539.74,38.99,118.95,1,-1,-1,-1
168,32,1426.20,537.77,38.98,118.93,1,-1,-1,-1
169,32,1423.61,537.04,38.98,118.93,1,-1,-1,-1
170,32,1416.70,533.88,40.86,124.64,1,-1,-1,-1
171,32,1414.23,532.72,41.55,126.75,1,-1,-1,-1
172,32,1407.94,532.31,41.82,127.56,1,-1,-1,-1
173,32,1405.72,532.19,41.92,127.84,1,-1,-1,-1
174,32,1406.22,535.06,40.09,122.27,1,-1,-1,-1
175,32,1399.21,534.21,43.29,132.02,1,-1,-1,-1
176,32,1398.73,540.96,40.68,124.05,1,-1,-1,-1
177,32,1398.89,543.75,39.58,120.72,1,-1,-1,-1
178,32,1393.73,544.76,39.18,119.49,1,-1,-1,-1
179,32,1389.98,542.56,40.92,124.79,1,-1,-1,-1
180,32,1385.40,544.25,39.71,121.12,1,-1,-1,-1
181,32,1383.83,544.89,39.24,119.67,1,-1,-1,-1
182,32,1379.69,537.78,42.96,131.01,1,-1,-1,-1
183,32,1376.63,542.25,40.57,123.71,1,-1,-1,-1
184,32,1372.94,541.56,41.44,126.38,1,-1,-1,-1
185,32,1371.67,535.69,41.76,127.34,1,-1,-1,-1
186,32,1368.75,541.58,40.02,122.04,1,-1,-1,-1
187,32,1368.64,536.53,43.27,131.91,1,-1,-1,-1
187,34,1617.00,554.60,39.00,119.00,1,-1,-1,-1
188,32,1364.79,539.33,42.48,129.51,1,-1,-1,-1
188,34,1617.00,553.37,39.00,119.00,1,-1,-1,-1
189,32,1363.43,540.49,42.14,128.48,1,-1,-1,-1
189,34,1617.00,552.95,39.00,119.00,1,-1,-1,-1
190,32,1357.35,540.93,42.01,128.07,1,-1,-1,-1
190,34,1613.94,550.42,41.12,125.46,1,-1,-1,-1
191,32,1355.17,541.10,41.95,127.89,1,-1,-1,-1
191,34,1615.82,551.91,39.82,121.49,1,-1,-1,-1
192,32,1352.67,543.69,40.06,122.13,1,-1,-1,-1
192,34,1613.69,550.23,41.30,125.99,1,-1,-1,-1
193,32,1353.71,542.10,41.23,125.70,1,-1,-1,-1
193,34,1615.73,551.88,39.88,121.67,1,-1,-1,-1
194,32,1352.35,544.04,39.80,121.33,1,-1,-1,-1
194,34,1616.55,552.55,39.32,119.95,1,-1,-1,-1
195,32,1348.03,542.22,41.13,125.41,1,-1,-1,-1
195,34,1622.31,552.80,39.11,119.32,1,-1,-1,-1
196,32,1346.51,541.55,41.62,126.89,1,-1,-1,-1
196,34,1618.99,552.90,39.03,119.09,1,-1,-1,-1
197,32,1346.03,541.30,41.81,127.46,1,-1,-1,-1
197,34,1623.11,552.94,39.00,119.00,1,-1,-1,-1
198,32,1343.07,536.48,43.87,133.74,1,-1,-1,-1
198,34,1624.63,552.96,38.99,118.97,1,-1,-1,-1
199,32,1342.01,534.68,44.65,136.08,1,-1,-1,-1
199,34,1625.17,552.97,38.99,118.97,1,-1,-1,-1
200,32,1341.69,534.00,44.94,136.96,1,-1,-1,-1
200,34,1628.74,550.81,40.88,124.70,1,-1,-1,-1
201,32,1338.96,538.44,43.06,131.23,1,-1,-1,-1
201,34,1630.05,550.01,41.57,126.82,1,-1,-1,-1
202,32,1340.76,535.42,44.33,135.10,1,-1,-1,-1
202,34,1632.39,551.84,39.99,121.98,1,-1,-1,-1
203,32,1338.76,539.01,42.82,130.47,1,-1,-1,-1
203,34,1631.30,550.40,41.24,125.81,1,-1,-1,-1
204,32,1338.07,540.43,42.21,128.63,1,-1,-1,-1
204,34,1635.22,545.59,43.69,133.23,1,-1,-1,-1
205,32,1337.88,540.96,41.98,127.94,1,-1,-1,-1
205,34,1637.95,547.99,42.66,130.10,1,-1,-1,-1
206,32,1336.79,543.70,40.02,121.97,1,-1,-1,-1
206,34,1640.46,551.14,40.36,123.08,1,-1,-1,-1
207,32,1334.12,543.50,43.24,131.77,1,-1,-1,-1
207,34,1645.53,550.18,41.37,126.15,1,-1,-1,-1
208,32,1330.90,547.68,42.41,129.25,1,-1,-1,-1
208,34,1648.48,557.23,39.87,121.59,1,-1,-1,-1
209,32,1330.14,538.12,46.24,140.89,1,-1,-1,-1
209,34,1647.47,554.19,43.21,131.75,1,-1,-1,-1
210,32,1329.86,534.63,47.64,145.14,1,-1,-1,-1
210,34,1653.01,553.10,44.41,135.39,1,-1,-1,-1
211,32,1331.68,539.91,46.09,140.40,1,-1,-1,-1
211,34,1655.58,556.51,42.91,130.82,1,-1,-1,-1
212,32,1332.49,542.04,45.44,138.42,1,-1,-1,-1
212,34,1662.17,557.85,42.29,128.93,1,-1,-1,-1
212,35,879.85,532.60,20.44,63.31,1,-1,-1,-1
213,32,1332.83,542.85,45.19,137.64,1,-1,-1,-1
213,34,1664.54,558.33,42.06,128.21,1,-1,-1,-1
213,35,878.91,530.13,21.58,66.86,1,-1,-1,-1
214,32,1332.99,543.14,45.09,137.32,1,-1,-1,-1
214,34,1671.03,558.49,41.96,127.92,1,-1,-1,-1
215,32,1333.08,543.25,45.04,137.18,1,-1,-1,-1
215,34,1673.71,554.61,43.93,133.90,1,-1,-1,-1
216,32,1333.14,549.34,45.02,137.11,1,-1,-1,-1
216,34,1680.61,553.16,44.66,136.12,1,-1,-1,-1
217,32,1336.54,555.55,43.00,130.97,1,-1,-1,-1
217,34,1683.18,552.59,44.94,136.95,1,-1,-1,-1
218,32,1337.87,557.88,42.22,128.60,1,-1,-1,-1
218,34,1690.05,552.38,45.03,137.23,1,-1,-1,-1
219,32,1341.12,554.70,43.97,133.94,1,-1,-1,-1
220,32,1342.30,553.52,44.62,135.88,1,-1,-1,-1
221,32,1341.31,546.67,47.00,143.13,1,-1,-1,-1
222,32,1345.16,548.62,43.83,133.50,1,-1,-1,-1
223,32,1348.86,544.67,46.77,142.41,1,-1,-1,-1
224,32,1350.17,543.28,47.80,145.55,1,-1,-1,-1
225,32,1351.67,543.07,46.08,140.31,1,-1,-1,-1
226,32,1351.14,542.68,47.55,144.76,1,-1,-1,-1
227,32,1350.93,542.55,48.09,146.38,1,-1,-1,-1
228,32,1357.28,542.51,48.28,146.97,1,-1,-1,-1
228,34,1755.30,543.56,44.93,136.88,1,-1,-1,-1
229,32,1359.68,542.51,48.35,147.16,1,-1,-1,-1
229,34,1763.12,542.81,47.18,143.70,1,-1,-1,-1
230,32,1360.54,542.53,48.36,147.19,1,-1,-1,-1
230,34,1772.17,542.55,47.90,145.88,1,-1,-1,-1
231,32,1362.47,540.35,50.65,154.14,1,-1,-1,-1
231,34,1781.89,542.47,48.18,146.70,1,-1,-1,-1
232,32,1367.98,547.95,47.15,143.48,1,-1,-1,-1
232,34,1791.80,542.46,48.28,146.98,1,-1,-1,-1
233,32,1370.09,551.04,45.70,139.09,1,-1,-1,-1
233,34,1801.82,542.48,48.31,147.06,1,-1,-1,-1
234,32,1370.66,545.66,47.36,144.13,1,-1,-1,-1
234,34,1811.82,542.50,48.32,147.07,1,-1,-1,-1
235,32,1370.96,550.04,45.83,139.47,1,-1,-1,-1
235,34,1821.85,542.52,48.31,147.04,1,-1,-1,-1
236,32,1373.08,543.04,49.74,151.35,1,-1,-1,-1
236,34,1828.07,540.34,50.61,154.00,1,-1,-1,-1
237,32,1373.83,540.53,51.15,155.61,1,-1,-1,-1
237,34,1840.32,541.69,49.21,149.72,1,-1,-1,-1
238,32,1380.85,539.55,51.70,157.26,1,-1,-1,-1
238,34,1846.27,535.66,53.42,162.51,1,-1,-1,-1
239,32,1383.52,539.19,51.89,157.84,1,-1,-1,-1
239,34,1857.21,530.96,52.57,159.91,1,-1,-1,-1
240,32,1390.23,534.76,54.40,165.43,1,-1,-1,-1
241,32,1393.86,537.35,52.93,160.96,1,-1,-1,-1
242,32,1395.15,538.45,52.31,159.06,1,-1,-1,-1
243,32,1403.82,541.40,47.61,144.78,1,-1,-1,-1
244,32,1407.00,542.58,45.77,139.19,1,-1,-1,-1
245,32,1413.81,540.40,49.70,151.15,1,-1,-1,-1
246,32,1418.65,541.80,48.82,148.48,1,-1,-1,-1
247,32,1424.88,540.16,50.78,154.41,1,-1,-1,-1
248,32,1429.05,541.73,49.23,149.69,1,-1,-1,-1
249,32,1435.45,540.14,50.93,154.85,1,-1,-1,-1
250,32,1438.51,535.23,53.99,164.16,1,-1,-1,-1
251,32,1446.62,539.77,50.51,153.57,1,-1,-1,-1
252,32,1455.57,539.43,51.39,156.24,1,-1,-1,-1
253,32,1458.71,539.31,51.71,157.20,1,-1,-1,-1
254,32,1466.65,528.14,56.92,173.00,1,-1,-1,-1
255,32,1476.25,534.75,53.93,163.93,1,-1,-1,-1
256,32,1486.06,539.82,50.32,152.94,1,-1,-1,-1
257,32,1493.67,535.03,53.83,163.59,1,-1,-1,-1
258,32,1503.66,533.35,55.06,167.32,1,-1,-1,-1
259,32,1507.32,532.72,55.53,168.73,1,-1,-1,-1
260,32,1515.84,532.50,55.69,169.22,1,-1,-1,-1
261,32,1526.34,532.44,55.74,169.35,1,-1,-1,-1
267,37,1215.58,526.29,39.61,120.72,1,-1,-1,-1
270,32,1566.22,592.71,59.42,180.49,1,-1,-1,-1
271,32,1581.72,589.49,62.51,189.83,1,-1,-1,-1
272,32,1595.45,596.85,63.58,193.02,1,-1,-1,-1
273,32,1611.73,591.27,66.98,203.27,1,-1,-1,-1
274,32,1625.16,587.26,71.44,216.75,1,-1,-1,-1
275,32,1640.59,587.39,70.03,212.45,1,-1,-1,-1
276,32,1655.43,596.37,69.40,210.49,1,-1,-1,-1
277,32,1675.51,595.18,75.84,229.95,1,-1,-1,-1
280,32,1725.55,608.62,78.56,238.14,1,-1,-1,-1
281,32,1742.81,599.67,78.81,238.83,1,-1,-1,-1
283,39,1740.44,535.88,62.22,188.89,1,-1,-1,-1
284,39,1754.39,543.89,60.26,182.95,1,-1,-1,-1
284,32,1804.71,609.24,78.89,239.03,1,-1,-1,-1
285,39,1768.97,546.81,59.55,180.78,1,-1,-1,-1
285,32,1823.39,610.21,78.90,239.01,1,-1,-1,-1
286,39,1780.71,537.88,62.61,190.06,1,-1,-1,-1
287,39,1794.16,543.97,60.58,183.90,1,-1,-1,-1
287,40,1263.40,553.00,39.00,119.00,1,-1,-1,-1
288,39,1806.71,537.11,62.87,190.84,1,-1,-1,-1
288,40,1268.51,550.49,41.18,125.64,1,-1,-1,-1
289,39,1819.25,543.47,60.74,184.35,1,-1,-1,-1
289,40,1272.48,552.10,39.78,121.37,1,-1,-1,-1
290,39,1827.27,534.60,66.07,200.50,1,-1,-1,-1
290,40,1279.65,552.75,39.21,119.65,1,-1,-1,-1
291,39,1839.12,531.50,67.93,206.14,1,-1,-1,-1
291,40,1281.78,552.97,39.03,119.09,1,-1,-1,-1
292,39,1856.22,541.17,65.61,199.07,1,-1,-1,-1
292,40,1287.98,553.03,38.97,118.92,1,-1,-1,-1
293,39,1870.95,545.03,64.64,196.13,1,-1,-1,-1
314,40,1379.96,591.76,48.08,146.61,1,-1,-1,-1
315,40,1387.74,592.52,48.28,147.15,1,-1,-1,-1
316,40,1390.60,592.74,48.35,147.32,1,-1,-1,-1
317,40,1391.54,592.77,48.37,147.33,1,-1,-1,-1
318,40,1397.02,596.89,46.24,140.82,1,-1,-1,-1
319,40,1400.14,600.73,47.57,144.86,1,-1,-1,-1
322,41,1533.86,589.13,44.95,136.84,1,-1,-1,-1
323,41,1535.28,589.13,44.95,136.84,1,-1,-1,-1
324,41,1535.81,591.85,42.59,129.66,1,-1,-1,-1
326,44,212.12,634.36,51.78,157.34,1,-1,-1,-1
327,44,212.27,634.91,46.58,141.54,1,-1,-1,-1
327,41,1552.73,589.36,44.70,136.10,1,-1,-1,-1
328,44,203.51,634.51,50.41,153.18,1,-1,-1,-1
328,41,1556.89,590.89,47.33,144.10,1,-1,-1,-1
329,44,201.13,634.39,51.46,156.37,1,-1,-1,-1
329,41,1562.35,584.55,50.55,153.87,1,-1,-1,-1
330,44,192.98,634.36,51.82,157.45,1,-1,-1,-1
330,41,1563.70,579.82,54.17,164.87,1,-1,-1,-1
331,44,190.28,634.35,51.92,157.76,1,-1,-1,-1
332,44,183.34,626.69,54.51,165.64,1,-1,-1,-1
333,44,186.92,624.31,52.94,160.87,1,-1,-1,-1
334,44,181.46,623.48,52.28,158.87,1,-1,-1,-1
335,44,179.59,623.24,52.03,158.09,1,-1,-1,-1
336,44,172.53,622.83,54.44,165.40,1,-1,-1,-1
337,44,169.47,629.99,52.86,160.62,1,-1,-1,-1
338,44,168.50,632.86,52.22,158.65,1,-1,-1,-1
339,44,161.24,633.94,51.97,157.90,1,-1,-1,-1
340,44,158.72,634.47,54.37,165.17,1,-1,-1,-1
341,44,150.49,634.65,55.25,167.85,1,-1,-1,-1
342,44,146.44,632.73,58.21,176.81,1,-1,-1,-1
343,44,146.44,647.41,54.32,165.02,1,-1,-1,-1
343,47,1444.00,616.99,59.63,180.89,1,-1,-1,-1
344,44,139.68,653.34,52.70,160.09,1,-1,-1,-1
344,47,1443.71,613.00,62.95,190.95,1,-1,-1,-1
345,44,134.80,655.65,57.30,174.04,1,-1,-1,-1
345,47,1443.61,621.47,64.07,194.35,1,-1,-1,-1
346,44,127.30,664.65,56.37,171.21,1,-1,-1,-1
346,47,1443.59,624.48,64.34,195.16,1,-1,-1,-1
347,44,117.09,668.15,55.96,169.97,1,-1,-1,-1
347,47,1443.59,625.38,64.35,195.20,1,-1,-1,-1
348,44,113.40,669.37,55.80,169.45,1,-1,-1,-1
348,47,1443.85,638.77,61.30,185.93,1,-1,-1,-1
349,44,112.19,669.72,55.72,169.23,1,-1,-1,-1
349,47,1443.69,639.36,63.17,191.61,1,-1,-1,-1
350,44,101.29,669.37,58.34,177.15,1,-1,-1,-1
350,47,1452.08,643.43,60.90,184.72,1,-1,-1,-1
351,44,97.32,669.18,59.31,180.08,1,-1,-1,-1
351,47,1455.61,640.72,62.97,191.00,1,-1,-1,-1
352,44,91.75,676.77,57.06,173.24,1,-1,-1,-1
352,47,1456.84,648.34,63.71,193.24,1,-1,-1,-1
353,44,86.13,679.77,58.82,178.58,1,-1,-1,-1
353,47,1456.88,654.43,61.12,185.37,1,-1,-1,-1
354,44,80.44,680.69,56.84,172.58,1,-1,-1,-1
354,47,1457.15,661.98,63.02,191.13,1,-1,-1,-1
355,44,82.00,692.80,53.55,162.60,1,-1,-1,-1
355,47,1457.22,664.62,63.71,193.20,1,-1,-1,-1
356,44,74.97,685.27,57.56,174.77,1,-1,-1,-1
356,47,1452.59,660.06,67.01,203.20,1,-1,-1,-1
357,44,64.64,682.64,58.97,179.03,1,-1,-1,-1
357,47,1450.82,658.27,68.25,206.93,1,-1,-1,-1
358,44,55.18,679.39,62.32,189.16,1,-1,-1,-1
358,47,1450.11,657.43,68.71,208.31,1,-1,-1,-1
359,44,49.45,680.20,60.83,184.62,1,-1,-1,-1
359,47,1449.83,666.12,68.86,208.76,1,-1,-1,-1
359,49,1378.86,609.44,64.95,196.74,1,-1,-1,-1
360,44,41.25,678.32,63.02,191.27,1,-1,-1,-1
360,47,1449.72,669.36,68.90,208.86,1,-1,-1,-1
360,49,1378.64,621.50,64.22,194.54,1,-1,-1,-1
361,44,36.60,687.56,61.05,185.27,1,-1,-1,-1
361,47,1449.35,672.59,72.14,218.67,1,-1,-1,-1
361,49,1375.29,616.07,71.55,216.72,1,-1,-1,-1
362,44,27.09,691.15,60.23,182.79,1,-1,-1,-1
362,47,1458.49,680.67,70.16,212.64,1,-1,-1,-1
362,49,1377.22,622.64,66.99,202.93,1,-1,-1,-1
363,44,16.95,686.71,65.82,199.70,1,-1,-1,-1
363,47,1462.12,683.71,69.32,210.09,1,-1,-1,-1
363,49,1368.86,627.17,68.37,207.11,1,-1,-1,-1
364,44,12.64,689.09,64.92,196.96,1,-1,-1,-1
364,49,1365.85,635.57,65.57,198.64,1,-1,-1,-1
371,49,1359.10,643.82,73.29,222.01,1,-1,-1,-1
372,49,1349.23,642.67,77.30,234.10,1,-1,-1,-1
373,49,1355.03,643.51,75.31,228.07,1,-1,-1,-1
373,47,1457.66,721.07,78.59,238.12,1,-1,-1,-1
374,49,1347.95,642.47,77.95,236.06,1,-1,-1,-1
374,47,1457.29,722.33,79.01,239.34,1,-1,-1,-1
375,49,1352.27,638.49,82.61,250.12,1,-1,-1,-1
375,47,1458.21,722.88,82.88,250.99,1,-1,-1,-1
376,49,1347.13,640.44,80.75,244.48,1,-1,-1,-1
376,47,1458.55,723.02,84.33,255.34,1,-1,-1,-1
376,52,1553.00,689.00,79.00,239.00,1,-1,-1,-1
377,47,1458.67,722.94,84.88,256.94,1,-1,-1,-1
377,52,1540.67,689.00,79.00,239.00,1,-1,-1,-1
378,47,1457.66,733.04,81.35,246.27,1,-1,-1,-1
378,52,1536.54,689.00,79.00,239.00,1,-1,-1,-1
379,47,1454.63,724.09,87.77,265.63,1,-1,-1,-1
379,52,1535.61,689.00,79.00,239.00,1,-1,-1,-1
380,47,1453.53,720.86,90.09,272.61,1,-1,-1,-1
380,52,1535.56,689.00,79.00,239.00,1,-1,-1,-1
381,47,1455.65,731.85,83.37,252.28,1,-1,-1,-1
381,52,1535.73,689.00,79.00,239.00,1,-1,-1,-1
382,47,1446.14,737.07,84.41,255.39,1,-1,-1,-1
382,52,1535.92,689.00,79.00,239.00,1,-1,-1,-1
382,49,1306.90,636.89,84.44,255.59,1,-1,-1,-1
383,47,1442.74,738.90,84.77,256.48,1,-1,-1,-1
383,52,1525.13,689.00,79.00,239.00,1,-1,-1,-1
383,49,1303.92,636.31,84.66,256.23,1,-1,-1,-1
384,47,1441.48,739.49,84.90,256.84,1,-1,-1,-1
384,52,1532.13,689.00,79.00,239.00,1,-1,-1,-1
385,47,1436.53,738.16,88.95,269.06,1,-1,-1,-1
385,52,1528.25,687.61,82.84,250.61,1,-1,-1,-1
386,47,1438.81,748.49,82.82,250.54,1,-1,-1,-1
386,52,1526.87,687.10,84.25,254.86,1,-1,-1,-1
387,47,1435.58,741.15,88.25,266.93,1,-1,-1,-1
387,52,1522.34,688.27,81.02,245.08,1,-1,-1,-1
388,47,1427.76,751.08,86.22,260.78,1,-1,-1,-1
388,52,1513.39,687.36,83.56,252.75,1,-1,-1,-1
389,47,1421.46,750.96,93.74,283.50,1,-1,-1,-1
390,47,1417.17,754.10,92.32,279.18,1,-1,-1,-1
390,52,1480.65,713.62,80.12,242.36,1,-1,-1,-1
391,47,1415.59,755.24,91.67,277.21,1,-1,-1,-1
391,52,1473.59,719.74,79.22,239.65,1,-1,-1,-1
392,52,1460.52,721.79,78.92,238.74,1,-1,-1,-1
395,47,1383.03,769.08,96.81,292.70,1,-1,-1,-1
405,56,1246.86,558.86,41.26,125.89,1,-1,-1,-1
406,56,1236.37,560.48,39.55,120.68,1,-1,-1,-1
406,57,1048.94,651.04,97.49,294.47,1,-1,-1,-1
407,56,1220.10,561.04,38.95,118.86,1,-1,-1,-1
407,57,1034.48,659.99,92.44,279.22,1,-1,-1,-1
408,56,1209.46,561.17,38.82,118.45,1,-1,-1,-1
408,57,1015.06,662.95,90.77,274.18,1,-1,-1,-1
409,56,1194.85,561.18,38.81,118.42,1,-1,-1,-1
409,57,989.99,654.71,95.42,288.22,1,-1,-1,-1
410,56,1179.02,561.16,38.83,118.48,1,-1,-1,-1
410,57,961.63,660.33,92.25,278.65,1,-1,-1,-1
411,56,1168.42,561.14,38.85,118.56,1,-1,-1,-1
411,57,933.52,657.22,100.82,304.53,1,-1,-1,-1
412,56,1154.17,561.12,38.88,118.62,1,-1,-1,-1
412,57,908.90,666.37,99.01,299.05,1,-1,-1,-1
413,56,1138.62,561.10,38.90,118.68,1,-1,-1,-1
413,57,887.37,669.94,98.21,296.63,1,-1,-1,-1
414,56,1128.03,561.08,38.91,118.73,1,-1,-1,-1
414,57,865.10,678.12,93.45,282.27,1,-1,-1,-1
415,56,1113.88,561.07,38.92,118.77,1,-1,-1,-1
415,57,833.06,674.00,96.14,290.39,1,-1,-1,-1
416,56,1098.42,561.06,38.93,118.80,1,-1,-1,-1
416,57,809.05,672.49,97.09,293.27,1,-1,-1,-1
417,57,787.87,671.83,97.44,294.33,1,-1,-1,-1
418,57,767.76,671.52,97.57,294.70,1,-1,-1,-1
419,57,748.04,671.36,97.60,294.81,1,-1,-1,-1
420,57,715.40,684.31,97.60,294.82,1,-1,-1,-1
420,56,1031.73,550.98,41.50,126.61,1,-1,-1,-1
421,57,681.77,679.98,102.25,308.84,1,-1,-1,-1
421,56,1014.27,549.80,41.81,127.55,1,-1,-1,-1
422,57,653.16,687.31,99.41,300.26,1,-1,-1,-1
422,56,995.22,551.53,40.07,122.22,1,-1,-1,-1
423,57,617.16,690.12,98.25,296.75,1,-1,-1,-1
423,56,976.75,545.69,43.30,132.05,1,-1,-1,-1
424,57,578.51,691.08,97.80,295.40,1,-1,-1,-1
424,56,955.77,547.81,42.51,129.65,1,-1,-1,-1
425,57,550.09,700.40,89.23,269.54,1,-1,-1,-1
425,56,936.98,543.10,42.17,128.61,1,-1,-1,-1
426,57,506.20,687.17,104.63,316.03,1,-1,-1,-1
426,56,919.18,547.02,42.04,128.18,1,-1,-1,-1
427,57,469.55,694.14,104.98,317.07,1,-1,-1,-1
427,56,898.91,550.68,40.11,122.32,1,-1,-1,-1
428,57,422.33,685.51,115.20,347.90,1,-1,-1,-1
428,56,877.68,549.95,41.26,125.83,1,-1,-1,-1
429,57,387.35,696.40,113.95,344.11,1,-1,-1,-1
429,56,858.11,551.82,39.82,121.44,1,-1,-1,-1
430,57,344.46,711.46,108.43,327.43,1,-1,-1,-1
431,57,301.37,711.51,101.53,306.59,1,-1,-1,-1
432,57,258.48,717.23,103.63,312.93,1,-1,-1,-1
451,79,862.95,687.35,83.56,252.78,1,-1,-1,-1
452,79,833.58,687.04,84.42,255.39,1,-1,-1,-1
453,79,798.11,682.40,89.41,270.47,1,-1,-1,-1
454,79,757.10,687.69,95.73,289.58,1,-1,-1,-1
455,79,716.40,689.64,97.88,296.07,1,-1,-1,-1
456,79,682.77,696.46,94.06,284.49,1,-1,-1,-1
457,79,639.95,683.30,101.74,307.69,1,-1,-1,-1
458,79,603.31,696.62,91.59,276.98,1,-1,-1,-1
459,79,557.99,692.72,95.90,289.99,1,-1,-1,-1
460,79,512.96,696.18,102.01,308.44,1,-1,-1,-1
461,79,474.82,705.53,99.76,301.61,1,-1,-1,-1
462,79,418.49,719.12,108.36,327.57,1,-1,-1,-1
463,79,380.57,733.57,106.72,322.58,1,-1,-1,-1
464,86,1410.26,777.28,148.29,446.86,1,-1,-1,-1
465,86,1376.13,801.63,140.62,423.74,1,-1,-1,-1
521,117,1721.26,731.11,96.13,290.51,1,-1,-1,-1
522,117,1699.04,734.94,92.17,278.54,1,-1,-1,-1
523,117,1662.29,736.27,90.79,274.37,1,-1,-1,-1
524,117,1623.01,749.33,81.52,246.38,1,-1,-1,-1
525,117,1585.13,740.41,87.80,265.33,1,-1,-1,-1
526,117,1556.78,719.68,94.16,284.56,1,-1,-1,-1
527,117,1526.87,717.28,92.10,278.34,1,-1,-1,-1
528,117,1497.96,711.36,95.76,289.38,1,-1,-1,-1
529,117,1462.07,709.32,97.07,293.34,1,-1,-1,-1
530,117,1436.64,721.78,97.55,294.77,1,-1,-1,-1
531,117,1400.93,730.85,93.36,282.11,1,-1,-1,-1
532,117,1376.90,730.12,96.14,290.51,1,-1,-1,-1
533,117,1342.86,729.86,97.14,293.52,1,-1,-1,-1
534,117,1320.38,733.95,93.19,281.59,1,-1,-1,-1
535,117,1289.61,723.86,100.77,304.46,1,-1,-1,-1
536,117,1261.19,727.38,98.94,298.94,1,-1,-1,-1
537,117,1227.70,721.56,102.80,310.57,1,-1,-1,-1
538,117,1202.17,719.41,104.23,314.86,1,-1,-1,-1
539,117,1179.41,725.80,100.17,302.60,1,-1,-1,-1
540,117,1144.36,721.02,103.21,311.76,1,-1,-1,-1
541,117,1111.59,723.37,109.23,329.91,1,-1,-1,-1
542,117,1079.22,733.81,106.67,322.17,1,-1,-1,-1
543,117,1059.43,744.36,100.94,304.88,1,-1,-1,-1
544,117,1040.23,761.57,98.71,298.12,1,-1,-1,-1
545,117,1013.75,762.31,102.58,309.82,1,-1,-1,-1
545,156,553.93,755.33,86.01,259.92,1,-1,-1,-1
546,117,985.97,767.88,99.40,300.22,1,-1,-1,-1
547,117,960.05,791.08,85.86,259.36,1,-1,-1,-1
548,117,928.52,777.34,93.59,282.72,1,-1,-1,-1
549,117,904.83,773.08,96.03,290.07,1,-1,-1,-1
550,117,879.71,792.16,84.92,256.54,1,-1,-1,-1
550,163,343.62,758.37,106.11,320.23,1,-1,-1,-1
551,117,847.64,757.05,98.16,296.53,1,-1,-1,-1
551,163,306.60,766.89,99.42,300.02,1,-1,-1,-1
552,117,822.73,759.26,102.41,309.34,1,-1,-1,-1
552,163,263.06,769.56,97.32,293.69,1,-1,-1,-1
553,117,791.17,765.49,99.59,300.82,1,-1,-1,-1
553,163,221.48,785.30,96.89,292.40,1,-1,-1,-1
554,117,761.81,762.60,103.04,311.25,1,-1,-1,-1
554,163,180.95,789.96,96.87,292.37,1,-1,-1,-1
555,117,743.99,766.84,99.75,301.31,1,-1,-1,-1
556,117,718.20,763.09,103.07,311.31,1,-1,-1,-1
557,117,695.48,761.70,104.28,314.96,1,-1,-1,-1
557,170,663.32,574.53,42.52,129.46,1,-1,-1,-1
558,117,670.14,766.52,100.14,302.44,1,-1,-1,-1
558,170,641.17,571.56,44.42,135.25,1,-1,-1,-1
559,117,648.62,768.41,98.48,297.44,1,-1,-1,-1
559,170,626.98,570.61,45.04,137.12,1,-1,-1,-1
560,117,615.38,782.20,97.86,295.56,1,-1,-1,-1
560,170,605.19,571.51,47.59,144.89,1,-1,-1,-1
561,117,589.14,759.95,107.29,324.01,1,-1,-1,-1
561,170,589.45,570.80,46.14,140.46,1,-1,-1,-1
562,117,560.17,755.09,115.88,349.93,1,-1,-1,-1
562,170,572.86,571.64,47.80,145.50,1,-1,-1,-1
563,117,534.12,753.18,119.26,360.11,1,-1,-1,-1
563,170,554.00,577.16,46.15,140.48,1,-1,-1,-1
564,117,509.26,752.47,120.56,363.98,1,-1,-1,-1
564,170,540.15,582.10,43.38,132.07,1,-1,-1,-1
565,117,478.49,763.55,115.78,349.56,1,-1,-1,-1
565,170,523.47,582.51,46.71,142.21,1,-1,-1,-1
566,117,452.87,767.97,113.81,343.57,1,-1,-1,-1
566,170,504.80,582.65,47.86,145.67,1,-1,-1,-1
567,117,433.63,774.06,118.35,357.26,1,-1,-1,-1
567,170,488.23,581.22,46.13,140.43,1,-1,-1,-1
568,117,411.28,776.31,120.02,362.28,1,-1,-1,-1
568,170,470.42,586.78,45.43,138.29,1,-1,-1,-1
569,117,385.65,787.50,115.37,348.24,1,-1,-1,-1
569,170,454.04,584.09,47.34,144.10,1,-1,-1,-1
570,117,362.02,791.82,113.48,342.51,1,-1,-1,-1
570,170,435.13,582.74,50.32,153.15,1,-1,-1,-1
571,117,323.12,798.88,118.11,356.46,1,-1,-1,-1
571,170,421.54,582.20,51.46,156.58,1,-1,-1,-1
572,170,403.21,581.96,51.88,157.85,1,-1,-1,-1
573,170,382.99,581.85,52.02,158.25,1,-1,-1,-1
574,170,368.94,588.69,52.05,158.33,1,-1,-1,-1
575,170,354.43,591.17,49.75,151.35,1,-1,-1,-1
576,170,338.54,592.20,51.17,155.63,1,-1,-1,-1
577,170,319.32,590.71,54.13,164.60,1,-1,-1,-1
578,170,305.54,591.93,52.84,160.67,1,-1,-1,-1
579,170,285.67,590.51,54.75,166.46,1,-1,-1,-1
580,170,271.28,589.96,55.46,168.59,1,-1,-1,-1
581,170,251.62,589.72,55.71,169.34,1,-1,-1,-1
582,170,237.29,589.61,55.79,169.56,1,-1,-1,-1
583,170,225.02,596.96,55.80,169.57,1,-1,-1,-1
584,170,207.77,596.16,58.42,177.50,1,-1,-1,-1
585,170,193.80,595.84,59.40,180.45,1,-1,-1,-1
586,170,181.11,595.68,59.76,181.52,1,-1,-1,-1
587,170,168.87,606.51,57.26,173.91,1,-1,-1,-1
588,170,149.91,610.69,56.25,170.84,1,-1,-1,-1
589,170,134.33,609.09,58.53,177.75,1,-1,-1,-1
590,170,121.01,608.47,59.37,180.28,1,-1,-1,-1
590,172,1770.80,571.29,60.54,183.50,1,-1,-1,-1
591,170,105.20,602.63,62.49,189.72,1,-1,-1,-1
591,172,1761.68,570.99,59.86,181.45,1,-1,-1,-1
592,170,91.19,608.74,63.67,193.27,1,-1,-1,-1
592,172,1764.06,576.49,56.47,171.19,1,-1,-1,-1
593,170,77.90,611.13,64.10,194.57,1,-1,-1,-1
593,172,1769.40,572.62,58.61,177.69,1,-1,-1,-1
594,170,58.86,604.29,67.25,204.08,1,-1,-1,-1
594,172,1775.27,576.56,56.37,170.91,1,-1,-1,-1
595,170,43.02,610.60,68.44,207.64,1,-1,-1,-1
595,172,1773.02,581.56,58.52,177.41,1,-1,-1,-1
595,173,326.47,532.87,33.09,100.98,1,-1,-1,-1
596,170,28.39,613.07,68.87,208.93,1,-1,-1,-1
596,172,1772.23,583.20,59.25,179.64,1,-1,-1,-1
596,173,322.04,529.73,37.88,115.59,1,-1,-1,-1
597,170,22.07,621.09,66.01,200.23,1,-1,-1,-1
597,172,1775.89,587.98,56.78,172.18,1,-1,-1,-1
597,173,314.76,528.78,39.34,120.04,1,-1,-1,-1
598,170,12.44,626.15,67.90,205.95,1,-1,-1,-1
598,172,1777.22,581.83,55.86,169.40,1,-1,-1,-1
598,173,312.32,528.58,39.64,120.97,1,-1,-1,-1
599,170,0.11,628.10,71.81,217.76,1,-1,-1,-1
599,172,1780.54,576.02,61.24,185.71,1,-1,-1,-1
599,173,306.04,528.59,39.62,120.91,1,-1,-1,-1
600,170,-4.31,635.08,67.16,203.66,1,-1,-1,-1
600,172,1782.99,572.72,60.34,182.97,1,-1,-1,-1
600,173,304.00,528.64,39.54,120.65,1,-1,-1,-1
601,172,1783.87,571.40,59.95,181.80,1,-1,-1,-1
601,173,297.98,528.70,39.46,120.40,1,-1,-1,-1
602,172,1782.82,572.19,62.66,190.02,1,-1,-1,-1
602,173,295.95,534.18,39.38,120.17,1,-1,-1,-1
603,172,1783.98,562.93,66.67,202.16,1,-1,-1,-1
603,173,292.38,533.26,41.23,125.79,1,-1,-1,-1
604,172,1791.18,568.81,65.24,197.80,1,-1,-1,-1
604,173,288.84,535.80,40.04,122.16,1,-1,-1,-1
605,173,287.69,536.79,39.52,120.58,1,-1,-1,-1
606,173,282.07,537.13,39.31,119.93,1,-1,-1,-1
607,173,280.11,537.24,39.21,119.64,1,-1,-1,-1
608,173,279.52,537.25,39.16,119.49,1,-1,-1,-1
609,173,279.44,537.24,39.13,119.40,1,-1,-1,-1
610,173,274.23,531.91,39.11,119.34,1,-1,-1,-1
611,173,272.37,529.89,39.10,119.29,1,-1,-1,-1
612,173,271.79,529.14,39.08,119.26,1,-1,-1,-1
613,173,266.40,528.88,39.07,119.22,1,-1,-1,-1
614,173,264.46,528.80,39.07,119.20,1,-1,-1,-1
615,173,263.85,528.78,39.06,119.17,1,-1,-1,-1
615,172,1845.52,598.06,64.02,194.10,1,-1,-1,-1
616,173,258.44,528.80,39.05,119.15,1,-1,-1,-1
616,172,1852.40,600.01,67.18,203.67,1,-1,-1,-1
617,173,256.50,528.81,39.04,119.13,1,-1,-1,-1
618,173,250.59,528.83,39.04,119.12,1,-1,-1,-1
619,173,248.47,528.85,39.03,119.10,1,-1,-1,-1
620,173,247.79,528.87,39.03,119.09,1,-1,-1,-1
621,173,242.43,525.60,40.90,124.77,1,-1,-1,-1
622,173,240.42,527.61,39.76,121.29,1,-1,-1,-1
623,173,239.81,533.75,39.29,119.88,1,-1,-1,-1
624,173,239.69,530.74,39.11,119.34,1,-1,-1,-1
625,173,239.74,534.90,39.05,119.13,1,-1,-1,-1
626,173,234.24,533.54,40.89,124.75,1,-1,-1,-1
627,173,237.74,541.08,39.74,121.25,1,-1,-1,-1
628,173,233.96,544.04,39.28,119.82,1,-1,-1,-1
629,173,232.62,550.41,39.10,119.29,1,-1,-1,-1
630,173,231.88,550.59,40.91,124.79,1,-1,-1,-1
631,173,237.15,552.73,39.74,121.23,1,-1,-1,-1
632,173,239.34,553.48,39.27,119.80,1,-1,-1,-1
633,173,240.19,553.70,39.09,119.26,1,-1,-1,-1
634,173,240.54,553.72,39.03,119.06,1,-1,-1,-1
635,173,240.69,553.68,39.00,118.99,1,-1,-1,-1
636,173,240.76,558.91,38.99,118.96,1,-1,-1,-1
637,173,240.12,555.13,42.87,130.77,1,-1,-1,-1
638,173,245.64,559.23,40.56,123.72,1,-1,-1,-1
639,173,247.95,560.84,39.57,120.71,1,-1,-1,-1
640,173,249.24,559.61,41.09,125.32,1,-1,-1,-1
641,173,249.70,564.73,41.64,127.01,1,-1,-1,-1
642,173,254.65,568.04,40.00,122.00,1,-1,-1,-1
647,173,274.02,567.74,41.69,127.13,1,-1,-1,-1
648,173,275.69,567.46,41.84,127.60,1,-1,-1,-1
649,173,277.21,557.91,46.04,140.37,1,-1,-1,-1
650,173,282.28,563.51,43.60,132.91,1,-1,-1,-1
651,173,289.90,565.86,42.54,129.69,1,-1,-1,-1
652,173,294.34,557.08,44.15,134.58,1,-1,-1,-1
683,175,624.05,602.00,44.95,136.84,1,-1,-1,-1
684,175,629.69,586.66,47.46,144.47,1,-1,-1,-1
693,177,779.66,567.56,54.77,166.44,1,-1,-1,-1
714,180,577.00,527.40,39.00,119.00,1,-1,-1,-1
715,180,577.00,528.63,39.00,119.00,1,-1,-1,-1
716,180,577.00,535.27,39.00,119.00,1,-1,-1,-1
717,180,577.00,537.31,39.00,119.00,1,-1,-1,-1
718,180,582.79,537.82,39.00,119.00,1,-1,-1,-1
718,181,1442.88,525.73,21.97,67.92,1,-1,-1,-1
719,180,584.77,537.87,39.00,119.00,1,-1,-1,-1
720,180,585.40,543.34,39.00,119.00,1,-1,-1,-1
721,180,584.92,542.61,40.93,124.89,1,-1,-1,-1
722,180,585.33,544.83,39.76,121.30,1,-1,-1,-1
723,180,590.84,545.57,39.28,119.84,1,-1,-1,-1
724,180,592.81,551.15,39.10,119.30,1,-1,-1,-1
724,183,1304.30,462.29,41.87,127.61,1,-1,-1,-1
725,180,593.48,553.14,39.03,119.09,1,-1,-1,-1
725,183,1310.99,464.38,39.69,120.97,1,-1,-1,-1
726,180,593.66,553.79,39.01,119.02,1,-1,-1,-1
726,183,1319.94,464.28,41.23,125.66,1,-1,-1,-1
727,180,593.67,559.27,39.00,118.99,1,-1,-1,-1
727,183,1324.60,461.60,43.96,133.97,1,-1,-1,-1
728,180,598.94,561.24,39.00,118.98,1,-1,-1,-1
728,183,1330.40,463.08,47.15,143.69,1,-1,-1,-1
729,180,600.87,561.89,39.00,118.98,1,-1,-1,-1
730,180,601.53,567.34,39.00,118.98,1,-1,-1,-1
731,180,601.71,564.01,39.00,118.99,1,-1,-1,-1
731,184,820.20,525.80,19.00,59.00,1,-1,-1,-1
732,180,601.86,560.88,40.87,124.69,1,-1,-1,-1
732,184,820.82,525.18,19.00,59.00,1,-1,-1,-1
733,180,601.89,559.68,41.57,126.81,1,-1,-1,-1
733,184,824.14,524.98,19.00,59.00,1,-1,-1,-1
733,185,1593.36,706.78,82.44,249.57,1,-1,-1,-1
734,180,606.92,560.91,39.99,121.99,1,-1,-1,-1
734,184,828.15,524.93,19.00,59.00,1,-1,-1,-1
735,180,608.82,561.33,39.36,120.06,1,-1,-1,-1
735,184,829.39,524.93,19.00,59.00,1,-1,-1,-1
736,180,608.51,555.71,43.02,131.22,1,-1,-1,-1
736,184,832.53,522.11,19.00,59.00,1,-1,-1,-1
737,180,609.31,559.19,40.60,123.85,1,-1,-1,-1
738,180,610.07,558.80,41.47,126.47,1,-1,-1,-1
739,180,610.31,558.66,41.78,127.42,1,-1,-1,-1
740,180,608.89,560.71,43.88,133.81,1,-1,-1,-1
741,180,608.33,561.47,44.68,136.21,1,-1,-1,-1
742,180,608.07,561.74,44.97,137.09,1,-1,-1,-1
743,180,610.66,562.37,47.19,143.84,1,-1,-1,-1
744,180,608.95,562.06,45.94,140.01,1,-1,-1,-1
744,184,845.74,527.93,20.35,63.17,1,-1,-1,-1
745,180,608.21,567.94,45.41,138.37,1,-1,-1,-1
745,184,846.22,528.29,20.42,63.38,1,-1,-1,-1
746,180,604.17,564.65,47.34,144.23,1,-1,-1,-1
746,184,846.37,528.41,20.45,63.45,1,-1,-1,-1
747,180,606.33,568.80,45.95,139.99,1,-1,-1,-1
747,184,846.37,528.45,20.46,63.47,1,-1,-1,-1
748,180,607.19,570.41,45.37,138.22,1,-1,-1,-1
748,184,846.31,528.45,20.46,63.46,1,-1,-1,-1
749,180,603.74,565.46,47.30,144.08,1,-1,-1,-1
749,184,849.06,528.44,20.46,63.45,1,-1,-1,-1
750,180,602.46,569.99,48.02,146.23,1,-1,-1,-1
750,184,850.05,528.43,20.45,63.43,1,-1,-1,-1
