1,1,125.45,159.39,55.57,168.71,1,-1,-1,-1
1,2,14.93,140.29,68.64,207.93,1,-1,-1,-1
2,1,122.70,158.73,59.05,179.28,1,-1,-1,-1
2,2,14.93,140.29,68.64,207.93,1,-1,-1,-1
3,1,128.85,147.48,62.92,191.02,1,-1,-1,-1
3,2,14.93,140.29,68.64,207.93,1,-1,-1,-1
4,1,130.98,143.67,64.18,194.82,1,-1,-1,-1
4,2,15.71,136.53,72.43,219.38,1,-1,-1,-1
5,1,142.70,153.14,61.40,186.40,1,-1,-1,-1
5,2,25.21,138.85,70.09,212.30,1,-1,-1,-1
6,1,146.72,156.84,60.28,182.99,1,-1,-1,-1
6,2,30.06,136.25,72.71,220.23,1,-1,-1,-1
7,1,156.41,158.14,59.88,181.75,1,-1,-1,-1
7,2,31.63,135.37,73.59,222.89,1,-1,-1,-1
8,1,156.62,145.92,65.89,199.96,1,-1,-1,-1
8,2,33.52,130.77,77.48,234.67,1,-1,-1,-1
9,1,167.44,153.60,62.18,188.70,1,-1,-1,-1
9,2,44.70,129.10,78.89,238.92,1,-1,-1,-1
10,1,170.90,155.74,63.50,192.70,1,-1,-1,-1
10,2,48.90,128.53,79.38,240.37,1,-1,-1,-1
11,1,180.65,156.51,63.97,194.10,1,-1,-1,-1
11,2,50.34,128.37,79.51,240.75,1,-1,-1,-1
12,1,182.30,142.49,70.47,213.79,1,-1,-1,-1
12,2,61.28,128.37,79.51,240.74,1,-1,-1,-1
13,1,192.97,149.34,69.72,211.47,1,-1,-1,-1
13,2,65.29,128.42,79.47,240.60,1,-1,-1,-1
14,1,205.45,154.05,66.30,201.11,1,-1,-1,-1
14,2,77.19,128.48,79.42,240.43,1,-1,-1,-1
15,1,210.05,137.23,74.87,227.04,1,-1,-1,-1
15,2,81.53,128.54,79.37,240.26,1,-1,-1,-1
16,1,221.11,147.17,71.45,216.67,1,-1,-1,-1
16,2,86.77,123.34,83.08,251.48,1,-1,-1,-1
17,1,225.26,151.53,69.90,211.92,1,-1,-1,-1
17,2,88.61,121.41,84.46,255.63,1,-1,-1,-1
18,1,227.28,150.60,72.56,219.95,1,-1,-1,-1
18,2,93.13,114.36,88.94,269.14,1,-1,-1,-1
19,1,227.97,136.45,76.97,233.30,1,-1,-1,-1
19,2,94.74,111.70,90.63,274.22,1,-1,-1,-1
20,1,227.42,125.94,82.30,249.38,1,-1,-1,-1
20,2,83.30,110.73,91.24,276.05,1,-1,-1,-1
21,1,227.05,121.85,84.37,255.60,1,-1,-1,-1
21,2,82.11,102.77,95.68,289.44,1,-1,-1,-1
22,1,225.18,114.07,89.04,269.70,1,-1,-1,-1
22,2,81.59,99.78,97.35,294.45,1,-1,-1,-1
23,1,224.35,111.11,90.83,275.07,1,-1,-1,-1
23,2,81.27,98.70,97.96,296.24,1,-1,-1,-1
24,1,235.61,110.05,91.48,276.98,1,-1,-1,-1
24,2,77.63,106.01,93.89,283.92,1,-1,-1,-1
25,1,238.28,102.17,95.88,290.24,1,-1,-1,-1
25,2,72.41,95.92,106.18,321.03,1,-1,-1,-1
26,1,239.22,99.20,97.55,295.22,1,-1,-1,-1
26,2,70.56,92.28,110.61,334.35,1,-1,-1,-1
27,1,236.78,102.69,102.64,310.56,1,-1,-1,-1
27,2,66.85,100.45,107.56,325.11,1,-1,-1,-1
28,1,235.75,104.12,104.58,316.37,1,-1,-1,-1
28,2,68.29,94.09,111.11,335.77,1,-1,-1,-1
29,1,241.83,83.80,115.25,348.55,1,-1,-1,-1
29,2,56.39,80.32,117.60,355.33,1,-1,-1,-1
30,1,248.09,87.09,114.32,345.67,1,-1,-1,-1
30,2,54.00,61.84,125.57,379.34,1,-1,-1,-1
31,1,250.51,88.70,113.76,343.92,1,-1,-1,-1
31,2,53.06,54.62,128.67,388.64,1,-1,-1,-1
32,1,247.22,77.98,118.67,358.68,1,-1,-1,-1
32,2,52.72,68.44,129.81,392.04,1,-1,-1,-1
33,1,261.36,73.95,120.51,364.17,1,-1,-1,-1
33,2,65.94,70.74,124.61,376.27,1,-1,-1,-1
34,1,269.91,83.90,115.97,350.40,1,-1,-1,-1
34,2,74.66,75.24,128.09,386.73,1,-1,-1,-1
35,1,282.58,79.81,125.02,377.67,1,-1,-1,-1
35,2,77.88,76.95,129.36,390.51,1,-1,-1,-1
36,1,290.44,90.39,122.86,371.10,1,-1,-1,-1
36,2,79.10,77.70,129.77,391.73,1,-1,-1,-1
37,1,290.03,82.47,127.47,384.96,1,-1,-1,-1
37,2,83.17,63.56,135.90,410.16,1,-1,-1,-1
38,1,289.76,79.50,129.18,390.07,1,-1,-1,-1
38,2,84.69,58.22,138.19,417.04,1,-1,-1,-1
39,1,302.74,64.03,135.76,409.87,1,-1,-1,-1
39,2,69.83,39.52,145.43,438.83,1,-1,-1,-1
40,1,307.63,58.14,138.24,417.32,1,-1,-1,-1
40,2,79.27,48.88,141.83,427.92,1,-1,-1,-1
41,1,309.36,55.93,139.13,419.94,1,-1,-1,-1
41,2,70.31,37.41,153.70,463.66,1,-1,-1,-1
42,1,309.84,55.20,139.39,420.66,1,-1,-1,-1
42,2,64.26,31.81,151.35,456.54,1,-1,-1,-1
43,1,309.84,55.05,139.40,420.65,1,-1,-1,-1
43,2,61.78,29.76,150.22,453.06,1,-1,-1,-1
44,1,304.58,57.72,145.81,439.94,1,-1,-1,-1
44,2,60.85,29.12,149.69,451.43,1,-1,-1,-1
45,1,307.53,56.22,141.82,427.86,1,-1,-1,-1
45,2,60.52,29.01,149.41,450.56,1,-1,-1,-1
46,1,296.45,40.18,153.63,463.42,1,-1,-1,-1
47,1,292.37,34.28,157.98,476.49,1,-1,-1,-1
52,1,319.40,33.01,159.05,479.64,1,-1,-1,-1
53,2,127.64,26.76,130.01,392.06,1,-1,-1,-1
54,2,131.47,26.88,128.81,388.43,1,-1,-1,-1
55,2,132.75,26.91,128.41,387.22,1,-1,-1,-1
56,2,133.04,26.93,128.32,386.94,1,-1,-1,-1
57,2,132.97,26.94,128.34,387.01,1,-1,-1,-1
58,2,132.78,26.95,128.40,387.19,1,-1,-1,-1
59,2,132.57,26.95,128.46,387.38,1,-1,-1,-1
60,2,132.37,26.96,128.52,387.56,1,-1,-1,-1
61,2,132.20,26.96,128.58,387.73,1,-1,-1,-1
62,2,132.05,26.97,128.62,387.87,1,-1,-1,-1
63,2,131.92,26.97,128.66,387.99,1,-1,-1,-1
64,2,131.80,26.97,128.70,388.10,1,-1,-1,-1
65,2,131.70,26.97,128.73,388.19,1,-1,-1,-1
66,2,131.61,26.98,128.76,388.27,1,-1,-1,-1
67,2,131.53,26.98,128.78,388.35,1,-1,-1,-1
68,2,131.46,26.98,128.80,388.41,1,-1,-1,-1
69,2,131.40,26.98,128.82,388.47,1,-1,-1,-1
70,2,131.35,26.98,128.84,388.52,1,-1,-1,-1
71,2,124.37,9.79,141.58,426.91,1,-1,-1,-1
72,2,121.81,3.50,146.25,440.97,1,-1,-1,-1
73,2,120.78,1.05,148.08,446.46,1,-1,-1,-1
74,2,133.25,0.19,142.29,428.98,1,-1,-1,-1
75,2,125.03,-0.03,146.52,441.74,1,-1,-1,-1
76,2,134.89,-0.07,141.60,426.88,1,-1,-1,-1
77,2,125.59,0.03,146.21,440.76,1,-1,-1,-1
78,2,122.17,0.10,147.89,445.82,1,-1,-1,-1
79,2,120.85,0.19,148.51,447.66,1,-1,-1,-1
80,2,120.37,0.28,148.70,448.23,1,-1,-1,-1
81,2,120.20,0.36,148.74,448.33,1,-1,-1,-1
82,2,120.17,0.43,148.72,448.26,1,-1,-1,-1
83,2,120.17,0.50,148.68,448.14,1,-1,-1,-1
84,2,133.25,18.89,142.08,428.26,1,-1,-1,-1
85,2,132.02,24.74,133.28,401.75,1,-1,-1,-1
86,2,131.52,26.84,130.03,391.95,1,-1,-1,-1
87,2,131.31,27.53,128.90,388.56,1,-1,-1,-1
88,2,131.22,27.72,128.54,387.48,1,-1,-1,-1
89,2,131.17,27.72,128.45,387.23,1,-1,-1,-1
90,2,131.14,27.67,128.46,387.28,1,-1,-1,-1
91,2,131.11,27.60,128.51,387.42,1,-1,-1,-1
92,2,131.09,27.53,128.55,387.58,1,-1,-1,-1
96,2,144.75,25.54,121.16,365.31,1,-1,-1,-1
97,2,146.33,25.21,120.37,362.94,1,-1,-1,-1
98,2,146.85,25.10,120.10,362.16,1,-1,-1,-1
99,2,142.88,27.48,132.00,398.02,1,-1,-1,-1
100,2,141.44,10.51,136.32,411.03,1,-1,-1,-1
101,2,140.83,3.70,138.01,416.12,1,-1,-1,-1
102,2,140.58,1.12,138.63,417.96,1,-1,-1,-1
103,2,140.47,0.22,138.81,418.52,1,-1,-1,-1
104,2,140.42,-0.04,138.84,418.60,1,-1,-1,-1
105,2,140.39,18.20,138.81,418.51,1,-1,-1,-1
106,2,140.38,25.21,138.77,418.36,1,-1,-1,-1
107,2,140.37,27.87,138.72,418.20,1,-1,-1,-1
108,2,140.36,28.85,138.67,418.05,1,-1,-1,-1
109,2,140.35,29.19,138.63,417.92,1,-1,-1,-1
110,2,140.34,29.28,138.59,417.79,1,-1,-1,-1
111,2,140.34,29.28,138.55,417.69,1,-1,-1,-1
112,2,140.33,29.25,138.52,417.59,1,-1,-1,-1
113,2,140.33,29.21,138.49,417.50,1,-1,-1,-1
114,2,140.32,29.17,138.47,417.43,1,-1,-1,-1
115,2,140.32,29.14,138.45,417.36,1,-1,-1,-1
116,2,140.31,29.10,138.43,417.30,1,-1,-1,-1
117,2,140.31,29.07,138.41,417.25,1,-1,-1,-1
118,2,140.31,29.05,138.40,417.20,1,-1,-1,-1
119,2,151.30,27.79,132.25,398.68,1,-1,-1,-1
120,2,144.30,28.55,136.14,410.40,1,-1,-1,-1
121,2,148.35,10.51,144.09,434.36,1,-1,-1,-1
122,2,149.87,3.71,147.09,443.39,1,-1,-1,-1
123,2,154.74,18.01,135.72,409.13,1,-1,-1,-1
124,2,145.36,25.12,137.41,414.21,1,-1,-1,-1
136,2,140.42,28.84,138.27,416.80,1,-1,-1,-1
137,2,140.24,28.95,138.30,416.89,1,-1,-1,-1
138,2,140.17,28.98,138.31,416.92,1,-1,-1,-1
139,2,140.16,28.99,138.31,416.93,1,-1,-1,-1
140,2,140.16,28.98,138.31,416.93,1,-1,-1,-1
141,2,151.19,27.73,132.16,398.39,1,-1,-1,-1
142,2,155.41,27.24,129.81,391.32,1,-1,-1,-1
143,2,145.73,28.32,135.21,407.62,1,-1,-1,-1
144,2,153.11,27.49,131.09,395.22,1,-1,-1,-1
145,2,155.98,27.15,129.50,390.41,1,-1,-1,-1
146,2,145.88,28.28,135.13,407.40,1,-1,-1,-1
147,2,153.05,27.47,131.13,395.35,1,-1,-1,-1
148,2,144.75,28.40,135.77,409.32,1,-1,-1,-1
149,2,152.60,27.51,131.39,396.13,1,-1,-1,-1
150,2,144.56,28.41,135.88,409.65,1,-1,-1,-1
151,2,141.63,28.74,137.52,414.59,1,-1,-1,-1
152,2,151.43,27.63,132.05,398.11,1,-1,-1,-1
153,2,155.25,27.20,129.91,391.68,1,-1,-1,-1
154,2,156.65,27.04,129.14,389.35,1,-1,-1,-1
155,2,157.13,26.99,128.87,388.53,1,-1,-1,-1
156,2,146.23,28.21,134.95,406.88,1,-1,-1,-1
157,2,142.18,28.66,137.21,413.68,1,-1,-1,-1
158,2,140.64,28.83,138.08,416.28,1,-1,-1,-1
159,2,140.08,28.89,138.39,417.22,1,-1,-1,-1
160,2,139.90,28.91,138.49,417.51,1,-1,-1,-1
161,2,150.81,27.69,132.40,399.17,1,-1,-1,-1
162,2,143.89,28.46,136.26,410.81,1,-1,-1,-1
163,2,147.96,10.48,144.19,434.69,1,-1,-1,-1
164,2,149.50,3.68,147.18,443.69,1,-1,-1,-1
165,2,143.60,1.09,141.86,427.63,1,-1,-1,-1
166,2,133.81,0.21,153.38,462.34,1,-1,-1,-1
167,2,124.78,-0.11,150.74,454.35,1,-1,-1,-1
168,2,121.21,-0.10,149.56,450.81,1,-1,-1,-1
169,2,119.93,-0.02,149.07,449.32,1,-1,-1,-1
170,2,125.18,0.08,155.87,469.77,1,-1,-1,-1
171,2,121.63,0.14,151.50,456.60,1,-1,-1,-1
172,2,120.30,0.26,149.68,451.11,1,-1,-1,-1
173,2,119.86,0.35,148.97,448.95,1,-1,-1,-1
174,2,119.75,0.42,148.68,448.08,1,-1,-1,-1
175,2,125.43,0.49,155.60,468.92,1,-1,-1,-1
176,2,141.36,0.53,151.25,455.81,1,-1,-1,-1
178,2,125.63,0.76,149.05,449.19,1,-1,-1,-1
179,2,121.96,0.99,148.44,447.33,1,-1,-1,-1
180,2,140.54,1.06,148.23,446.70,1,-1,-1,-1
181,2,127.68,1.08,148.16,446.49,1,-1,-1,-1
182,2,122.80,1.08,148.15,446.45,1,-1,-1,-1
183,2,120.98,1.08,148.15,446.47,1,-1,-1,-1
184,2,140.09,1.07,148.17,446.50,1,-1,-1,-1
185,2,127.54,1.06,148.18,446.54,1,-1,-1,-1
186,2,122.78,1.06,148.19,446.57,1,-1,-1,-1
187,2,120.99,1.05,148.20,446.61,1,-1,-1,-1
188,2,120.35,1.04,148.21,446.64,1,-1,-1,-1
189,2,120.13,1.04,148.22,446.66,1,-1,-1,-1
190,2,120.08,1.03,148.23,446.69,1,-1,-1,-1
191,2,120.09,1.03,148.24,446.71,1,-1,-1,-1
192,2,120.12,1.03,148.24,446.73,1,-1,-1,-1
193,2,120.15,1.02,148.25,446.74,1,-1,-1,-1
194,2,120.18,1.02,148.25,446.76,1,-1,-1,-1
195,2,120.21,1.02,148.26,446.77,1,-1,-1,-1
196,2,120.24,1.02,148.26,446.78,1,-1,-1,-1
197,2,120.26,1.01,148.27,446.79,1,-1,-1,-1
198,2,120.28,1.01,148.27,446.80,1,-1,-1,-1
199,2,120.30,1.01,148.27,446.80,1,-1,-1,-1
200,2,120.31,1.01,148.27,446.81,1,-1,-1,-1
201,2,120.33,1.01,148.27,446.82,1,-1,-1,-1
202,2,120.34,1.01,148.28,446.82,1,-1,-1,-1
203,2,131.10,15.96,124.48,375.16,1,-1,-1,-1
204,2,118.14,25.60,133.53,402.46,1,-1,-1,-1
205,2,126.32,27.43,130.17,392.35,1,-1,-1,-1
206,2,117.07,29.24,135.20,407.49,1,-1,-1,-1
207,2,113.72,29.84,137.04,413.05,1,-1,-1,-1
208,2,112.48,29.96,137.77,415.25,1,-1,-1,-1
209,2,124.28,28.69,131.92,397.64,1,-1,-1,-1
210,2,139.31,26.92,123.86,373.37,1,-1,-1,-1
211,2,144.83,26.18,120.93,364.55,1,-1,-1,-1
212,2,146.73,42.32,119.94,361.59,1,-1,-1,-1
213,2,156.00,45.93,114.19,344.29,1,-1,-1,-1
214,2,159.31,47.11,112.14,338.16,1,-1,-1,-1
215,2,168.12,49.63,116.99,352.77,1,-1,-1,-1
216,2,171.20,50.47,118.75,358.09,1,-1,-1,-1
217,2,164.66,48.53,114.11,344.15,1,-1,-1,-1
218,2,169.63,49.83,117.85,355.42,1,-1,-1,-1
219,2,178.77,63.04,113.88,343.46,1,-1,-1,-1
220,2,182.13,68.02,112.39,338.98,1,-1,-1,-1
221,2,183.23,69.72,111.88,337.46,1,-1,-1,-1
222,2,194.14,77.51,101.99,307.68,1,-1,-1,-1
223,2,198.06,80.25,98.30,296.58,1,-1,-1,-1
224,2,202.83,90.06,92.58,279.38,1,-1,-1,-1
225,2,204.32,93.39,90.65,273.58,1,-1,-1,-1
226,2,218.95,101.94,85.86,259.17,1,-1,-1,-1
227,2,224.00,104.79,84.27,254.42,1,-1,-1,-1
228,2,225.58,105.61,83.82,253.08,1,-1,-1,-1
228,9,323.90,37.74,154.78,466.57,1,-1,-1,-1
229,2,244.86,111.55,72.83,219.98,1,-1,-1,-1
229,9,332.36,51.83,142.53,429.65,1,-1,-1,-1
230,2,243.94,102.30,76.34,230.62,1,-1,-1,-1
230,9,335.44,56.96,138.08,416.22,1,-1,-1,-1
231,2,253.05,105.20,73.79,222.95,1,-1,-1,-1
231,9,336.13,58.11,137.08,413.20,1,-1,-1,-1
232,2,256.10,106.15,72.99,220.56,1,-1,-1,-1
232,9,336.20,58.23,136.98,412.90,1,-1,-1,-1
232,10,455.43,163.91,41.87,127.61,1,-1,-1,-1
233,2,258.49,111.52,76.42,230.97,1,-1,-1,-1
233,9,336.11,58.08,137.11,413.30,1,-1,-1,-1
233,10,462.04,163.91,41.87,127.61,1,-1,-1,-1
234,2,260.07,107.33,81.47,246.23,1,-1,-1,-1
234,9,356.65,73.43,130.79,394.26,1,-1,-1,-1
235,2,267.98,106.75,76.20,230.33,1,-1,-1,-1
235,9,363.93,78.78,128.66,387.85,1,-1,-1,-1
236,2,280.91,106.38,74.14,224.14,1,-1,-1,-1
236,9,365.05,65.00,134.48,405.38,1,-1,-1,-1
237,2,291.34,110.89,70.08,211.91,1,-1,-1,-1
237,9,383.92,75.01,130.34,392.92,1,-1,-1,-1
238,2,299.02,107.72,72.06,217.92,1,-1,-1,-1
238,9,390.80,78.70,128.85,388.44,1,-1,-1,-1
239,2,306.83,111.21,69.46,210.09,1,-1,-1,-1
239,9,408.20,92.81,122.51,369.33,1,-1,-1,-1
240,2,309.40,112.47,68.53,207.32,1,-1,-1,-1
240,9,416.71,84.75,126.22,380.53,1,-1,-1,-1
241,2,313.77,116.61,65.12,197.02,1,-1,-1,-1
241,9,419.55,81.87,127.55,384.56,1,-1,-1,-1
242,2,315.05,118.07,63.92,193.43,1,-1,-1,-1
242,9,434.03,93.35,122.34,368.86,1,-1,-1,-1
243,2,315.30,118.53,63.54,192.32,1,-1,-1,-1
243,9,442.72,84.66,126.31,380.83,1,-1,-1,-1
244,2,316.30,110.21,69.94,211.68,1,-1,-1,-1
244,9,429.80,85.22,133.89,403.68,1,-1,-1,-1
245,2,323.99,115.30,66.01,199.83,1,-1,-1,-1
246,2,326.77,117.36,64.44,195.10,1,-1,-1,-1
247,2,327.62,118.07,63.90,193.47,1,-1,-1,-1
248,2,315.40,114.59,66.82,202.35,1,-1,-1,-1
249,2,316.66,119.75,62.04,187.90,1,-1,-1,-1
250,2,320.50,115.05,66.28,200.72,1,-1,-1,-1
250,12,409.00,169.00,39.00,119.00,1,-1,-1,-1
251,2,324.78,117.04,64.72,196.03,1,-1,-1,-1
251,12,411.76,165.08,41.18,125.64,1,-1,-1,-1
252,2,327.97,120.67,61.24,185.52,1,-1,-1,-1
252,12,416.03,167.60,39.78,121.37,1,-1,-1,-1
252,9,492.63,155.81,99.34,299.58,1,-1,-1,-1
253,2,337.19,131.85,57.22,173.38,1,-1,-1,-1
253,12,417.35,168.62,39.21,119.65,1,-1,-1,-1
254,2,340.50,134.23,58.57,177.47,1,-1,-1,-1
254,12,415.89,167.06,43.30,132.10,1,-1,-1,-1
254,14,464.23,147.77,56.42,171.15,1,-1,-1,-1
255,2,341.60,135.02,59.04,178.93,1,-1,-1,-1
255,12,415.40,166.54,44.66,136.22,1,-1,-1,-1
256,2,341.79,136.82,56.56,171.46,1,-1,-1,-1
256,12,413.80,170.43,43.10,131.47,1,-1,-1,-1
257,2,349.37,137.39,55.66,168.74,1,-1,-1,-1
257,15,91.51,136.76,55.57,168.71,1,-1,-1,-1
258,2,344.45,135.92,58.08,176.08,1,-1,-1,-1
258,15,68.50,134.93,58.66,178.10,1,-1,-1,-1
258,14,492.54,167.83,48.60,147.46,1,-1,-1,-1
258,12,416.66,139.19,59.63,181.81,1,-1,-1,-1
259,2,342.55,136.93,56.31,170.74,1,-1,-1,-1
259,16,180.14,30.86,148.29,446.86,1,-1,-1,-1
259,14,494.54,169.25,48.04,145.79,1,-1,-1,-1
259,12,409.58,126.61,68.66,209.24,1,-1,-1,-1
260,2,338.27,130.25,64.36,195.13,1,-1,-1,-1
260,16,165.40,32.51,156.51,471.63,1,-1,-1,-1
260,12,394.96,126.47,75.71,230.58,1,-1,-1,-1
261,2,332.85,141.65,58.99,178.88,1,-1,-1,-1
261,16,152.31,31.45,151.23,455.72,1,-1,-1,-1
261,12,378.95,126.56,78.64,239.38,1,-1,-1,-1
262,16,148.53,31.02,149.10,449.29,1,-1,-1,-1
262,12,356.68,121.82,83.29,253.39,1,-1,-1,-1
263,16,125.98,30.88,148.40,447.20,1,-1,-1,-1
263,12,337.10,119.98,85.13,258.83,1,-1,-1,-1
264,16,118.76,30.84,148.19,446.55,1,-1,-1,-1
264,12,318.41,119.37,85.78,260.69,1,-1,-1,-1
265,16,116.74,30.83,148.13,446.38,1,-1,-1,-1
265,12,290.24,105.58,93.95,285.35,1,-1,-1,-1
265,2,366.36,157.93,52.65,159.69,1,-1,-1,-1
266,12,278.46,113.60,89.32,271.18,1,-1,-1,-1
266,2,370.23,159.58,51.92,157.50,1,-1,-1,-1
267,12,274.83,110.99,91.06,276.36,1,-1,-1,-1
267,2,364.30,152.96,51.68,156.81,1,-1,-1,-1
268,12,299.67,127.29,66.92,203.13,1,-1,-1,-1
268,2,357.21,140.82,56.84,172.45,1,-1,-1,-1
269,12,311.56,127.18,56.04,170.12,1,-1,-1,-1
269,2,354.04,137.99,56.10,170.23,1,-1,-1,-1
270,12,307.21,109.10,55.43,168.25,1,-1,-1,-1
270,2,345.21,121.93,55.79,169.30,1,-1,-1,-1
271,2,333.92,97.21,58.33,177.01,1,-1,-1,-1
272,2,319.71,58.31,62.07,188.33,1,-1,-1,-1
273,2,314.29,43.50,63.50,192.65,1,-1,-1,-1
274,2,308.75,48.78,67.02,203.31,1,-1,-1,-1
274,18,267.50,80.03,44.95,136.84,1,-1,-1,-1
275,18,267.50,97.03,44.95,136.84,1,-1,-1,-1
275,12,293.45,71.50,67.59,205.12,1,-1,-1,-1
276,18,267.50,124.16,44.95,136.84,1,-1,-1,-1
277,12,281.66,100.15,68.67,208.34,1,-1,-1,-1
278,12,270.02,108.11,68.58,208.02,1,-1,-1,-1
278,16,55.84,28.78,138.47,417.28,1,-1,-1,-1
278,18,283.42,188.77,44.95,136.84,1,-1,-1,-1
279,12,256.75,120.11,68.55,207.91,1,-1,-1,-1
279,16,36.53,30.18,145.28,437.79,1,-1,-1,-1
280,12,244.12,130.52,71.80,217.73,1,-1,-1,-1
280,16,10.85,30.60,147.30,443.90,1,-1,-1,-1
280,18,294.40,170.30,44.95,136.84,1,-1,-1,-1
281,12,255.60,129.42,59.03,179.04,1,-1,-1,-1
282,12,256.37,143.09,48.89,148.33,1,-1,-1,-1
283,12,261.71,148.10,50.49,153.22,1,-1,-1,-1
283,22,142.22,100.37,94.86,286.82,1,-1,-1,-1
284,12,271.37,156.36,48.54,147.34,1,-1,-1,-1
284,22,146.55,108.47,91.88,277.81,1,-1,-1,-1
285,12,281.46,152.38,50.34,152.81,1,-1,-1,-1
285,22,156.36,102.27,95.88,289.90,1,-1,-1,-1
286,12,298.61,157.52,48.63,147.67,1,-1,-1,-1
286,22,165.01,108.81,92.40,279.36,1,-1,-1,-1
287,12,309.86,164.63,45.82,139.15,1,-1,-1,-1
287,22,176.32,102.51,95.90,289.95,1,-1,-1,-1
288,22,179.92,100.38,97.08,293.49,1,-1,-1,-1
289,22,183.47,94.15,107.44,324.77,1,-1,-1,-1
290,22,199.38,91.91,111.17,336.00,1,-1,-1,-1
291,22,205.43,91.09,112.55,340.15,1,-1,-1,-1
291,25,156.21,158.63,59.63,180.89,1,-1,-1,-1
291,12,302.53,146.83,61.98,188.19,1,-1,-1,-1
292,22,217.04,79.23,118.27,357.37,1,-1,-1,-1
292,25,167.42,158.63,59.63,180.89,1,-1,-1,-1
292,12,318.66,160.36,56.56,171.76,1,-1,-1,-1
293,22,221.28,74.74,120.40,363.76,1,-1,-1,-1
293,12,333.93,159.20,59.01,179.17,1,-1,-1,-1
293,27,416.17,31.49,127.18,383.66,1,-1,-1,-1
293,28,30.86,30.86,148.29,446.86,1,-1,-1,-1
294,22,238.31,73.09,121.13,365.94,1,-1,-1,-1
294,12,347.21,158.78,59.90,181.86,1,-1,-1,-1
294,27,436.39,28.09,128.50,387.61,1,-1,-1,-1
294,28,50.77,50.79,140.62,423.74,1,-1,-1,-1
295,22,239.10,59.05,126.94,383.44,1,-1,-1,-1
295,12,360.11,158.62,60.20,182.75,1,-1,-1,-1
295,27,448.13,6.95,143.71,433.48,1,-1,-1,-1
295,28,60.58,36.71,146.04,440.07,1,-1,-1,-1
296,22,242.41,39.59,141.42,427.09,1,-1,-1,-1
296,12,372.83,158.56,60.27,182.94,1,-1,-1,-1
296,27,470.78,15.97,123.44,372.37,1,-1,-1,-1
296,28,80.81,51.51,140.34,422.90,1,-1,-1,-1
296,25,215.76,191.63,40.03,121.46,1,-1,-1,-1
297,22,243.60,32.10,147.01,443.88,1,-1,-1,-1
297,12,386.75,146.65,66.04,200.41,1,-1,-1,-1
297,28,86.92,56.52,138.41,417.09,1,-1,-1,-1
297,25,218.32,186.98,38.76,117.66,1,-1,-1,-1
298,22,234.38,10.38,155.89,470.60,1,-1,-1,-1
298,12,398.30,153.70,62.60,189.97,1,-1,-1,-1
298,28,102.97,73.91,131.19,395.37,1,-1,-1,-1
299,12,405.15,144.70,66.90,202.99,1,-1,-1,-1
299,28,113.19,63.66,135.47,408.27,1,-1,-1,-1
300,12,428.33,153.06,62.81,190.56,1,-1,-1,-1
301,12,440.44,157.10,58.35,177.05,1,-1,-1,-1
301,29,368.58,164.57,44.95,136.84,1,-1,-1,-1
302,12,449.57,158.13,59.34,180.05,1,-1,-1,-1
302,29,373.75,159.96,47.46,144.47,1,-1,-1,-1
303,12,456.80,148.84,62.52,189.69,1,-1,-1,-1
303,29,382.95,158.40,48.30,147.05,1,-1,-1,-1
304,12,459.31,145.34,63.71,193.28,1,-1,-1,-1
304,29,387.22,157.02,46.11,140.38,1,-1,-1,-1
304,28,177.56,189.50,100.17,301.94,1,-1,-1,-1
305,12,463.04,141.63,67.15,203.68,1,-1,-1,-1
305,29,387.41,141.70,52.97,161.23,1,-1,-1,-1
306,12,469.53,142.59,65.49,198.63,1,-1,-1,-1
306,29,391.43,144.65,52.72,160.47,1,-1,-1,-1
307,12,500.73,133.23,74.53,226.01,1,-1,-1,-1
307,29,388.39,152.89,50.13,152.56,1,-1,-1,-1
308,12,512.16,129.81,77.84,235.99,1,-1,-1,-1
308,29,389.72,139.65,56.76,172.71,1,-1,-1,-1
308,35,352.05,181.81,42.52,129.46,1,-1,-1,-1
308,25,306.37,148.46,55.35,168.02,1,-1,-1,-1
308,22,305.03,93.30,82.29,248.50,1,-1,-1,-1
309,12,518.00,123.46,82.75,250.81,1,-1,-1,-1
309,29,397.96,135.03,59.08,179.73,1,-1,-1,-1
309,35,359.04,184.31,39.83,121.25,1,-1,-1,-1
309,36,136.68,56.16,125.52,378.79,1,-1,-1,-1
309,25,308.22,145.85,58.51,177.60,1,-1,-1,-1
310,12,520.05,120.99,84.66,256.54,1,-1,-1,-1
310,29,401.80,142.61,54.95,167.16,1,-1,-1,-1
310,35,361.34,188.85,41.27,125.66,1,-1,-1,-1
310,36,139.42,56.57,134.89,407.06,1,-1,-1,-1
310,25,308.54,144.91,59.82,181.58,1,-1,-1,-1
310,37,465.83,171.78,41.26,125.89,1,-1,-1,-1
311,12,506.53,118.92,93.40,282.93,1,-1,-1,-1
311,29,403.11,145.99,53.14,161.62,1,-1,-1,-1
311,35,367.77,192.61,39.60,120.57,1,-1,-1,-1
311,36,140.42,56.72,138.36,417.50,1,-1,-1,-1
311,25,308.37,144.67,60.30,183.01,1,-1,-1,-1
311,37,457.98,172.31,41.69,127.19,1,-1,-1,-1
312,12,504.59,115.01,105.78,320.33,1,-1,-1,-1
312,29,400.03,146.84,54.94,167.10,1,-1,-1,-1
312,35,370.22,191.16,41.15,125.31,1,-1,-1,-1
312,36,140.69,56.76,139.28,420.27,1,-1,-1,-1
312,25,308.67,113.29,72.60,220.27,1,-1,-1,-1
312,37,450.27,175.96,39.67,121.04,1,-1,-1,-1
313,12,495.93,103.62,115.68,350.17,1,-1,-1,-1
313,29,398.86,147.18,55.59,169.05,1,-1,-1,-1
313,35,370.16,187.24,43.79,133.34,1,-1,-1,-1
313,37,442.86,169.03,43.48,132.65,1,-1,-1,-1
314,12,492.09,98.93,119.74,362.34,1,-1,-1,-1
314,29,398.30,147.37,55.81,169.70,1,-1,-1,-1
314,35,370.02,185.78,44.73,136.21,1,-1,-1,-1
314,37,439.79,174.24,40.59,123.84,1,-1,-1,-1
314,36,154.74,75.98,131.21,395.90,1,-1,-1,-1
315,12,490.24,97.11,121.30,366.95,1,-1,-1,-1
315,29,391.56,99.17,78.80,239.45,1,-1,-1,-1
315,35,374.32,187.44,47.25,143.86,1,-1,-1,-1
315,36,145.45,84.24,135.73,409.51,1,-1,-1,-1
316,12,494.89,84.47,127.27,384.88,1,-1,-1,-1
316,29,383.53,120.30,74.19,225.37,1,-1,-1,-1
316,35,382.31,188.05,48.17,146.67,1,-1,-1,-1
316,36,149.45,70.62,143.88,434.07,1,-1,-1,-1
316,39,26.66,134.07,63.07,191.33,1,-1,-1,-1
316,25,316.35,138.01,65.54,198.83,1,-1,-1,-1
317,12,501.40,65.62,135.37,409.25,1,-1,-1,-1
317,35,392.03,189.25,44.37,135.10,1,-1,-1,-1
317,36,136.80,47.20,153.91,464.28,1,-1,-1,-1
317,39,26.93,131.72,63.72,193.31,1,-1,-1,-1
317,25,315.64,142.41,64.23,194.83,1,-1,-1,-1
318,35,401.47,189.69,42.80,130.31,1,-1,-1,-1
318,36,149.97,67.94,138.35,417.34,1,-1,-1,-1
318,39,34.97,133.51,60.65,183.99,1,-1,-1,-1
318,25,324.30,143.76,63.82,193.57,1,-1,-1,-1
319,36,150.80,63.86,145.01,437.40,1,-1,-1,-1
319,39,35.66,144.64,56.57,171.62,1,-1,-1,-1
319,25,327.28,144.22,63.69,193.17,1,-1,-1,-1
319,37,422.78,180.16,50.95,155.39,1,-1,-1,-1
320,36,181.12,59.84,140.75,424.54,1,-1,-1,-1
320,39,37.54,137.75,58.40,177.17,1,-1,-1,-1
320,25,340.48,128.71,70.04,212.37,1,-1,-1,-1
320,37,433.77,174.41,54.22,165.29,1,-1,-1,-1
321,36,192.81,58.16,139.07,419.42,1,-1,-1,-1
321,39,52.35,137.25,56.15,170.35,1,-1,-1,-1
321,25,357.26,126.87,69.18,209.75,1,-1,-1,-1
321,37,446.22,171.61,53.12,161.90,1,-1,-1,-1
322,36,205.56,55.00,132.24,398.82,1,-1,-1,-1
322,39,65.53,128.99,55.41,168.12,1,-1,-1,-1
322,37,458.12,133.54,70.01,213.24,1,-1,-1,-1
322,29,385.57,113.16,78.56,238.54,1,-1,-1,-1
323,36,220.18,37.37,135.99,410.13,1,-1,-1,-1
323,39,77.74,126.14,55.21,167.50,1,-1,-1,-1
323,37,462.12,148.17,52.94,161.26,1,-1,-1,-1
323,43,146.56,115.36,63.98,193.94,1,-1,-1,-1
323,29,396.46,112.94,78.74,238.97,1,-1,-1,-1
324,36,232.56,47.08,131.20,395.66,1,-1,-1,-1
324,39,77.35,122.99,57.95,175.81,1,-1,-1,-1
324,37,469.45,152.44,45.65,139.08,1,-1,-1,-1
324,43,145.42,88.88,75.44,228.67,1,-1,-1,-1
324,29,400.16,102.35,78.82,239.12,1,-1,-1,-1
325,36,240.22,35.99,142.36,429.29,1,-1,-1,-1
325,39,85.13,121.91,58.94,178.83,1,-1,-1,-1
325,43,133.66,79.71,79.41,240.69,1,-1,-1,-1
325,29,411.98,98.38,78.86,239.16,1,-1,-1,-1
325,46,544.06,157.13,55.57,168.71,1,-1,-1,-1
325,22,408.24,23.82,111.93,337.95,1,-1,-1,-1
326,36,242.93,32.05,146.33,441.24,1,-1,-1,-1
326,39,79.72,121.58,59.34,180.02,1,-1,-1,-1
326,43,123.50,81.39,84.46,255.98,1,-1,-1,-1
326,29,426.89,96.93,78.88,239.16,1,-1,-1,-1
326,46,546.23,146.98,61.98,188.16,1,-1,-1,-1
326,22,410.57,21.98,112.79,340.51,1,-1,-1,-1
327,36,251.32,29.28,141.40,426.38,1,-1,-1,-1
327,39,78.14,132.15,54.32,164.83,1,-1,-1,-1
327,43,108.32,82.51,86.10,260.91,1,-1,-1,-1
327,29,430.27,89.69,82.64,250.49,1,-1,-1,-1
327,46,556.50,143.51,64.17,194.81,1,-1,-1,-1
328,36,266.15,29.63,146.04,440.32,1,-1,-1,-1
328,43,95.45,75.17,90.56,274.38,1,-1,-1,-1
328,29,431.44,87.01,84.05,254.71,1,-1,-1,-1
328,46,568.13,144.48,61.62,187.05,1,-1,-1,-1
329,36,271.44,29.80,147.73,445.41,1,-1,-1,-1
329,43,69.37,63.14,96.39,292.01,1,-1,-1,-1
329,29,434.78,81.54,92.81,281.17,1,-1,-1,-1
329,46,571.93,145.17,60.49,183.64,1,-1,-1,-1
330,36,279.58,46.84,141.85,427.66,1,-1,-1,-1
330,43,46.82,58.66,98.54,298.45,1,-1,-1,-1
330,29,440.86,87.75,92.00,278.64,1,-1,-1,-1
330,46,554.72,110.58,73.58,223.33,1,-1,-1,-1
331,36,282.29,34.95,139.52,420.63,1,-1,-1,-1
331,43,26.48,59.94,103.72,314.09,1,-1,-1,-1
331,29,447.58,93.13,83.94,254.19,1,-1,-1,-1
331,46,552.11,92.38,81.62,247.66,1,-1,-1,-1
332,36,276.45,31.89,145.29,438.00,1,-1,-1,-1
332,43,5.44,49.11,110.43,334.33,1,-1,-1,-1
332,29,448.52,88.46,84.52,255.90,1,-1,-1,-1
332,46,557.99,91.58,81.29,246.61,1,-1,-1,-1
333,36,274.17,30.79,147.40,444.37,1,-1,-1,-1
333,43,-2.56,43.05,108.25,327.66,1,-1,-1,-1
333,29,457.79,78.77,88.75,268.66,1,-1,-1,-1
333,46,560.44,91.95,80.88,245.32,1,-1,-1,-1
333,25,417.77,113.07,78.63,238.30,1,-1,-1,-1
334,36,273.04,30.41,148.20,446.76,1,-1,-1,-1
334,43,22.23,102.50,73.15,221.46,1,-1,-1,-1
334,29,457.03,78.60,94.56,286.18,1,-1,-1,-1
334,46,568.52,102.51,73.91,224.16,1,-1,-1,-1
334,25,410.64,117.56,75.50,228.78,1,-1,-1,-1
335,36,264.08,31.72,155.48,468.67,1,-1,-1,-1
335,43,31.22,117.47,63.03,190.85,1,-1,-1,-1
335,29,460.70,75.22,92.61,280.26,1,-1,-1,-1
335,46,571.62,107.28,70.93,215.10,1,-1,-1,-1
335,25,416.41,114.33,77.86,235.85,1,-1,-1,-1
336,36,268.81,30.85,151.32,456.13,1,-1,-1,-1
336,43,26.15,108.88,63.41,192.04,1,-1,-1,-1
336,29,461.95,73.98,91.76,277.64,1,-1,-1,-1
336,46,582.04,99.85,69.79,211.62,1,-1,-1,-1
336,25,418.44,123.56,78.72,238.42,1,-1,-1,-1
337,36,258.61,29.24,143.01,431.08,1,-1,-1,-1
337,43,23.41,109.82,60.53,183.33,1,-1,-1,-1
337,29,462.27,73.60,91.40,276.53,1,-1,-1,-1
338,36,258.15,9.93,153.69,463.24,1,-1,-1,-1
338,43,22.88,110.15,59.55,180.39,1,-1,-1,-1
338,29,474.34,73.52,91.25,276.03,1,-1,-1,-1
338,25,431.77,115.65,79.00,239.23,1,-1,-1,-1
339,36,266.17,3.11,150.59,453.87,1,-1,-1,-1
339,43,22.95,110.25,59.26,179.55,1,-1,-1,-1
339,29,478.79,73.57,91.17,275.76,1,-1,-1,-1
339,25,434.27,113.88,78.95,239.05,1,-1,-1,-1
340,36,260.90,0.56,156.33,471.15,1,-1,-1,-1
340,43,15.45,106.72,62.18,188.38,1,-1,-1,-1
340,29,489.94,64.16,95.43,288.61,1,-1,-1,-1
340,25,445.65,113.26,78.94,238.99,1,-1,-1,-1
341,36,267.14,19.07,151.52,456.66,1,-1,-1,-1
341,25,459.66,107.02,82.69,250.33,1,-1,-1,-1
341,22,507.69,63.09,104.75,316.25,1,-1,-1,-1
342,36,269.51,26.54,149.56,450.75,1,-1,-1,-1
342,25,475.74,110.60,80.41,243.39,1,-1,-1,-1
342,22,519.40,51.69,109.86,331.63,1,-1,-1,-1
343,36,295.32,28.03,142.21,428.60,1,-1,-1,-1
343,25,481.73,112.07,79.49,240.58,1,-1,-1,-1
343,22,530.66,57.55,101.73,307.12,1,-1,-1,-1
344,36,299.69,9.81,146.13,440.40,1,-1,-1,-1
344,22,548.04,59.77,98.54,297.53,1,-1,-1,-1
344,47,429.80,97.00,79.00,239.00,1,-1,-1,-1
345,36,327.06,20.42,134.86,406.45,1,-1,-1,-1
345,47,432.27,97.00,79.00,239.00,1,-1,-1,-1
345,48,59.88,109.10,60.54,183.50,1,-1,-1,-1
345,29,527.86,107.87,80.63,243.85,1,-1,-1,-1
346,36,325.21,6.94,150.91,454.83,1,-1,-1,-1
346,47,445.54,97.00,79.00,239.00,1,-1,-1,-1
346,48,70.75,119.42,59.86,181.45,1,-1,-1,-1
346,43,11.41,120.97,59.82,181.26,1,-1,-1,-1
346,22,554.92,101.15,92.24,278.54,1,-1,-1,-1
347,36,345.21,2.34,156.35,471.20,1,-1,-1,-1
347,48,88.20,125.22,56.47,171.19,1,-1,-1,-1
347,43,27.14,132.30,56.84,172.29,1,-1,-1,-1
348,36,347.13,0.60,165.90,499.94,1,-1,-1,-1
348,43,33.92,126.07,58.62,177.70,1,-1,-1,-1
349,36,376.52,19.07,155.43,468.38,1,-1,-1,-1
349,43,44.32,123.87,59.24,179.60,1,-1,-1,-1
349,50,209.00,161.00,39.00,119.00,1,-1,-1,-1
350,36,387.99,26.79,150.99,455.01,1,-1,-1,-1
350,43,46.09,125.11,56.82,172.29,1,-1,-1,-1
350,50,202.83,161.00,39.00,119.00,1,-1,-1,-1
351,43,48.89,123.40,58.61,177.73,1,-1,-1,-1
351,50,200.77,161.00,39.00,119.00,1,-1,-1,-1
352,50,194.30,161.00,39.00,119.00,1,-1,-1,-1
352,47,486.51,65.29,103.63,313.45,1,-1,-1,-1
353,50,192.33,155.21,39.00,119.00,1,-1,-1,-1
353,47,504.04,53.84,115.09,348.06,1,-1,-1,-1
353,48,146.47,110.97,59.55,180.54,1,-1,-1,-1
354,50,191.83,158.88,39.00,119.00,1,-1,-1,-1
354,47,510.92,49.35,119.63,361.71,1,-1,-1,-1
354,48,150.56,120.39,57.07,173.03,1,-1,-1,-1
355,48,136.36,131.44,56.17,170.32,1,-1,-1,-1
355,36,389.44,3.65,158.30,477.02,1,-1,-1,-1
356,48,130.95,127.82,55.83,169.32,1,-1,-1,-1
356,50,171.85,134.48,46.40,141.56,1,-1,-1,-1
357,48,128.74,126.44,55.70,168.94,1,-1,-1,-1
357,39,182.04,114.10,55.59,168.69,1,-1,-1,-1
358,48,127.74,125.90,55.65,168.80,1,-1,-1,-1
358,39,183.10,121.69,55.61,168.77,1,-1,-1,-1
359,48,127.23,140.75,55.63,168.74,1,-1,-1,-1
359,39,184.03,138.31,58.30,176.92,1,-1,-1,-1
359,36,388.12,29.29,158.96,478.99,1,-1,-1,-1
360,48,135.35,173.92,46.60,141.41,1,-1,-1,-1
360,39,189.58,152.86,54.20,164.52,1,-1,-1,-1
360,36,387.12,32.48,158.97,479.00,1,-1,-1,-1
361,48,138.33,165.14,50.03,151.86,1,-1,-1,-1
361,39,185.44,158.52,55.09,167.23,1,-1,-1,-1
361,36,386.78,33.55,158.97,479.00,1,-1,-1,-1
361,51,-3.59,124.33,90.35,272.67,1,-1,-1,-1
362,48,139.34,155.56,51.07,155.03,1,-1,-1,-1
362,39,182.86,160.41,52.91,160.62,1,-1,-1,-1
362,36,408.99,32.47,151.93,457.79,1,-1,-1,-1
362,51,-18.43,60.10,108.27,326.75,1,-1,-1,-1
363,48,140.01,158.23,49.17,149.28,1,-1,-1,-1
363,39,188.91,160.90,52.07,158.11,1,-1,-1,-1
363,36,394.46,33.38,156.42,471.30,1,-1,-1,-1
363,51,-21.77,54.08,108.15,326.37,1,-1,-1,-1
363,43,101.27,174.49,45.39,137.75,1,-1,-1,-1
364,48,146.79,159.65,50.81,154.28,1,-1,-1,-1
364,39,192.61,160.97,54.31,164.90,1,-1,-1,-1
364,36,389.16,33.68,158.05,476.20,1,-1,-1,-1
365,48,141.25,160.15,53.88,163.61,1,-1,-1,-1
365,39,193.91,160.93,55.13,167.38,1,-1,-1,-1
365,36,387.03,33.73,158.67,478.08,1,-1,-1,-1
366,48,139.10,152.96,55.04,167.12,1,-1,-1,-1
366,39,192.76,153.80,52.97,160.84,1,-1,-1,-1
366,36,388.87,32.28,151.88,457.61,1,-1,-1,-1
367,48,144.53,141.14,58.11,176.41,1,-1,-1,-1
367,39,201.37,142.82,54.65,165.95,1,-1,-1,-1
367,36,409.56,31.66,149.27,449.75,1,-1,-1,-1
368,48,154.34,136.62,59.27,179.92,1,-1,-1,-1
368,39,209.34,146.73,52.80,160.33,1,-1,-1,-1
368,36,412.78,11.40,163.14,491.53,1,-1,-1,-1
369,48,173.23,143.72,57.11,173.36,1,-1,-1,-1
369,39,222.59,154.82,49.73,151.04,1,-1,-1,-1
369,36,409.30,4.14,176.00,530.23,1,-1,-1,-1
369,51,16.17,66.26,85.78,258.91,1,-1,-1,-1
370,48,180.52,146.56,56.22,170.67,1,-1,-1,-1
370,39,231.24,158.32,50.98,154.84,1,-1,-1,-1
370,36,415.22,21.67,165.96,499.99,1,-1,-1,-1
370,51,21.74,64.52,99.89,301.50,1,-1,-1,-1
371,48,183.68,146.59,58.53,177.68,1,-1,-1,-1
371,39,241.22,159.53,51.42,156.20,1,-1,-1,-1
371,36,417.44,29.09,161.65,487.01,1,-1,-1,-1
371,51,23.49,64.00,102.73,310.08,1,-1,-1,-1
372,48,191.51,147.61,56.78,172.36,1,-1,-1,-1
372,39,248.85,152.46,54.09,164.28,1,-1,-1,-1
372,36,438.02,10.56,167.64,505.02,1,-1,-1,-1
372,51,23.92,63.87,103.89,313.59,1,-1,-1,-1
373,48,196.16,133.61,64.64,196.18,1,-1,-1,-1
373,39,254.45,157.12,52.64,159.90,1,-1,-1,-1
373,51,37.95,63.87,104.34,314.96,1,-1,-1,-1
374,48,207.95,149.26,57.00,173.03,1,-1,-1,-1
374,39,263.33,158.93,52.07,158.16,1,-1,-1,-1
374,51,43.08,63.91,104.51,315.48,1,-1,-1,-1
375,48,219.69,156.21,53.56,162.60,1,-1,-1,-1
375,39,271.50,152.08,54.34,165.07,1,-1,-1,-1
375,51,56.01,74.22,99.90,301.59,1,-1,-1,-1
376,48,226.96,158.15,49.96,151.68,1,-1,-1,-1
376,39,276.29,156.87,52.74,160.21,1,-1,-1,-1
376,51,63.53,67.73,102.90,310.63,1,-1,-1,-1
377,48,229.29,158.81,48.66,147.76,1,-1,-1,-1
377,39,277.80,158.74,52.11,158.28,1,-1,-1,-1
377,51,66.12,65.40,103.98,313.89,1,-1,-1,-1
378,48,229.76,151.84,53.15,161.39,1,-1,-1,-1
378,39,283.72,151.93,54.36,165.12,1,-1,-1,-1
378,51,66.86,64.52,104.39,315.14,1,-1,-1,-1
379,48,233.77,149.85,52.29,158.80,1,-1,-1,-1
379,39,287.19,156.74,52.75,160.23,1,-1,-1,-1
379,51,55.00,52.27,109.52,330.61,1,-1,-1,-1
379,53,448.55,176.10,39.61,120.72,1,-1,-1,-1
380,48,235.05,156.08,51.94,157.75,1,-1,-1,-1
380,39,286.79,151.14,54.60,165.86,1,-1,-1,-1
380,51,48.48,59.44,106.55,321.64,1,-1,-1,-1
380,53,454.22,186.56,33.36,101.70,1,-1,-1,-1
381,48,235.34,158.42,51.82,157.37,1,-1,-1,-1
381,39,294.84,156.43,52.84,160.49,1,-1,-1,-1
381,51,47.75,65.40,110.33,333.05,1,-1,-1,-1
381,53,456.97,179.18,37.75,115.06,1,-1,-1,-1
381,54,519.22,169.61,51.03,155.22,1,-1,-1,-1
382,48,235.28,159.27,51.77,157.24,1,-1,-1,-1
382,39,297.63,158.00,49.81,151.30,1,-1,-1,-1
382,51,33.78,54.99,116.97,353.09,1,-1,-1,-1
382,54,520.93,161.88,54.39,165.43,1,-1,-1,-1
382,55,284.64,105.50,73.64,222.93,1,-1,-1,-1
383,48,244.38,165.60,49.44,150.17,1,-1,-1,-1
383,39,291.33,159.08,51.04,155.05,1,-1,-1,-1
383,51,27.35,63.45,114.32,345.07,1,-1,-1,-1
383,54,522.28,158.57,58.57,178.12,1,-1,-1,-1
383,55,284.64,105.50,73.64,222.93,1,-1,-1,-1
384,48,245.33,161.82,50.91,154.67,1,-1,-1,-1
384,39,289.02,159.45,51.48,156.39,1,-1,-1,-1
384,51,23.74,63.94,108.22,326.68,1,-1,-1,-1
384,54,518.47,144.63,66.24,201.43,1,-1,-1,-1
384,55,275.60,98.89,77.77,235.43,1,-1,-1,-1
385,48,241.37,159.95,49.14,149.30,1,-1,-1,-1
385,39,286.59,152.13,54.13,164.44,1,-1,-1,-1
385,51,22.39,64.13,105.85,319.50,1,-1,-1,-1
385,54,520.00,142.08,65.93,200.45,1,-1,-1,-1
385,55,272.76,96.81,79.08,239.36,1,-1,-1,-1
386,48,240.46,152.12,53.33,162.02,1,-1,-1,-1
386,39,285.62,149.38,55.12,167.44,1,-1,-1,-1
386,51,7.85,54.31,115.40,348.32,1,-1,-1,-1
386,54,520.64,141.55,65.49,199.07,1,-1,-1,-1
386,55,273.68,88.95,83.48,252.68,1,-1,-1,-1
387,48,239.33,156.11,50.16,152.40,1,-1,-1,-1
387,39,285.14,148.33,55.50,168.59,1,-1,-1,-1
387,51,15.21,95.43,104.32,314.91,1,-1,-1,-1
387,54,517.90,139.16,68.27,207.49,1,-1,-1,-1
387,55,274.10,74.61,84.98,257.22,1,-1,-1,-1
388,48,235.90,158.27,51.20,155.57,1,-1,-1,-1
388,39,284.88,147.94,55.64,168.99,1,-1,-1,-1
388,51,26.84,141.09,87.10,262.98,1,-1,-1,-1
388,54,521.55,135.17,72.49,220.24,1,-1,-1,-1
388,55,262.84,80.93,85.44,258.59,1,-1,-1,-1
389,48,237.35,165.04,49.28,149.73,1,-1,-1,-1
389,39,284.72,155.24,55.68,169.11,1,-1,-1,-1
389,51,8.33,118.58,99.01,298.94,1,-1,-1,-1
389,54,526.53,129.67,77.46,235.28,1,-1,-1,-1
389,55,257.83,90.45,81.70,247.27,1,-1,-1,-1
390,48,227.98,161.53,50.88,154.60,1,-1,-1,-1
390,39,279.08,158.00,53.22,161.66,1,-1,-1,-1
390,54,528.48,127.62,79.36,240.97,1,-1,-1,-1
390,55,257.05,79.02,88.20,266.90,1,-1,-1,-1
391,48,221.28,159.75,49.17,149.42,1,-1,-1,-1
391,39,269.78,159.05,52.26,158.75,1,-1,-1,-1
391,54,520.70,115.65,87.54,265.72,1,-1,-1,-1
391,55,244.86,74.97,90.50,273.84,1,-1,-1,-1
392,48,214.96,159.53,50.85,154.51,1,-1,-1,-1
392,39,267.69,172.07,49.58,150.61,1,-1,-1,-1
392,54,516.16,103.71,94.76,287.54,1,-1,-1,-1
392,55,247.81,116.39,76.94,232.83,1,-1,-1,-1
393,48,212.81,164.09,47.03,142.93,1,-1,-1,-1
393,39,258.42,164.06,50.95,154.77,1,-1,-1,-1
393,54,514.28,98.97,97.64,296.16,1,-1,-1,-1
393,55,239.51,77.45,91.26,276.13,1,-1,-1,-1
394,48,215.69,167.25,47.74,145.12,1,-1,-1,-1
394,39,255.14,161.19,51.44,156.27,1,-1,-1,-1
394,54,518.76,92.22,107.83,326.91,1,-1,-1,-1
394,55,238.99,82.01,87.85,265.79,1,-1,-1,-1
395,48,206.03,162.31,50.32,152.95,1,-1,-1,-1
395,39,255.76,159.58,49.32,149.85,1,-1,-1,-1
395,54,527.51,94.54,102.88,311.82,1,-1,-1,-1
395,55,246.13,101.26,75.64,228.88,1,-1,-1,-1
396,48,202.48,160.46,51.28,155.87,1,-1,-1,-1
396,39,256.11,158.95,48.51,147.41,1,-1,-1,-1
396,54,523.93,90.80,109.83,332.76,1,-1,-1,-1
396,55,232.28,46.91,100.94,305.34,1,-1,-1,-1
397,48,198.81,165.68,49.37,150.06,1,-1,-1,-1
397,39,254.47,159.21,50.57,153.68,1,-1,-1,-1
397,54,522.57,89.42,112.46,340.59,1,-1,-1,-1
397,55,233.80,40.18,100.02,302.53,1,-1,-1,-1
398,48,194.43,161.66,53.45,162.45,1,-1,-1,-1
398,39,251.00,159.34,53.79,163.43,1,-1,-1,-1
398,54,521.67,64.62,123.97,375.30,1,-1,-1,-1
398,55,234.91,37.80,99.29,300.28,1,-1,-1,-1
399,48,202.13,166.03,50.27,152.80,1,-1,-1,-1
399,39,254.32,165.23,50.34,152.96,1,-1,-1,-1
399,55,228.97,26.29,108.32,327.52,1,-1,-1,-1
400,48,203.36,161.75,53.79,163.48,1,-1,-1,-1
400,39,250.99,161.52,53.79,163.44,1,-1,-1,-1
400,55,233.06,32.52,102.58,310.14,1,-1,-1,-1
401,48,201.80,160.19,52.63,159.96,1,-1,-1,-1
401,39,245.85,160.18,52.59,159.80,1,-1,-1,-1
401,55,224.61,46.00,95.65,289.18,1,-1,-1,-1
402,48,195.83,152.14,54.62,165.98,1,-1,-1,-1
402,39,246.15,159.13,49.79,151.29,1,-1,-1,-1
402,55,218.95,40.91,97.28,294.08,1,-1,-1,-1
403,48,198.96,156.46,52.93,160.83,1,-1,-1,-1
403,39,246.36,165.38,48.71,148.04,1,-1,-1,-1
403,55,216.95,39.13,97.85,295.78,1,-1,-1,-1
404,48,200.29,158.22,52.23,158.73,1,-1,-1,-1
404,39,246.49,167.64,48.33,146.88,1,-1,-1,-1
404,55,216.32,38.61,98.02,296.28,1,-1,-1,-1
405,48,195.38,151.42,54.45,165.46,1,-1,-1,-1
405,39,246.59,161.86,48.19,146.49,1,-1,-1,-1
405,55,216.20,38.57,98.04,296.31,1,-1,-1,-1
406,48,196.58,155.75,50.57,153.66,1,-1,-1,-1
406,39,244.39,160.19,50.48,153.44,1,-1,-1,-1
406,55,216.27,25.74,98.00,296.18,1,-1,-1,-1
407,48,197.16,157.55,48.99,148.88,1,-1,-1,-1
407,39,247.60,152.23,53.78,163.44,1,-1,-1,-1
407,55,212.76,21.91,102.57,309.97,1,-1,-1,-1
408,48,199.84,151.60,50.78,154.31,1,-1,-1,-1
408,39,251.70,149.64,52.63,159.94,1,-1,-1,-1
408,55,211.49,20.57,104.27,315.08,1,-1,-1,-1
409,48,200.81,149.46,51.42,156.28,1,-1,-1,-1
409,39,253.39,148.67,52.14,158.47,1,-1,-1,-1
409,55,214.69,19.29,100.32,303.13,1,-1,-1,-1
410,48,194.26,148.68,51.67,157.03,1,-1,-1,-1
410,39,247.06,148.34,51.95,157.89,1,-1,-1,-1
410,55,203.00,19.01,98.70,298.22,1,-1,-1,-1
411,48,189.86,154.89,49.46,150.32,1,-1,-1,-1
411,39,244.68,148.26,51.88,157.65,1,-1,-1,-1
411,55,198.72,19.03,98.07,296.30,1,-1,-1,-1
412,48,185.98,162.58,46.41,141.09,1,-1,-1,-1
412,39,239.56,154.74,49.54,150.56,1,-1,-1,-1
412,55,192.62,20.09,102.47,309.57,1,-1,-1,-1
413,48,180.19,160.09,47.52,144.46,1,-1,-1,-1
413,39,237.66,157.27,48.64,147.83,1,-1,-1,-1
413,55,184.59,6.84,108.98,329.22,1,-1,-1,-1
414,48,178.18,159.21,47.91,145.66,1,-1,-1,-1
414,39,234.24,151.63,50.65,153.95,1,-1,-1,-1
414,55,179.17,14.41,102.15,308.58,1,-1,-1,-1
415,48,177.51,158.86,48.07,146.15,1,-1,-1,-1
415,39,226.12,149.58,51.39,156.19,1,-1,-1,-1
415,55,171.66,18.73,103.94,313.97,1,-1,-1,-1
416,48,170.82,158.72,48.14,146.36,1,-1,-1,-1
416,39,226.23,155.25,49.38,150.09,1,-1,-1,-1
416,55,169.01,20.33,104.58,315.89,1,-1,-1,-1
417,48,168.39,158.67,48.17,146.46,1,-1,-1,-1
417,39,218.68,150.44,53.45,162.44,1,-1,-1,-1
417,55,160.73,20.08,100.19,302.63,1,-1,-1,-1
418,48,167.57,158.64,48.19,146.52,1,-1,-1,-1
418,39,211.50,137.72,60.25,183.06,1,-1,-1,-1
418,55,157.76,20.07,98.45,297.38,1,-1,-1,-1
419,48,166.00,163.81,46.04,139.99,1,-1,-1,-1
419,39,214.16,150.07,53.16,161.53,1,-1,-1,-1
419,55,156.83,20.11,97.81,295.43,1,-1,-1,-1
420,48,165.53,165.77,45.22,137.53,1,-1,-1,-1
420,39,209.01,155.66,49.95,151.80,1,-1,-1,-1
420,55,181.49,81.20,78.48,237.13,1,-1,-1,-1
421,48,159.27,166.46,44.94,136.67,1,-1,-1,-1
421,39,204.10,156.74,46.59,141.60,1,-1,-1,-1
421,54,503.19,29.13,137.77,416.64,1,-1,-1,-1
422,48,151.39,161.45,47.02,143.02,1,-1,-1,-1
422,39,202.46,157.13,45.37,137.92,1,-1,-1,-1
422,54,502.51,28.51,138.05,417.21,1,-1,-1,-1
423,48,148.08,158.71,45.66,138.89,1,-1,-1,-1
423,39,198.47,151.50,47.17,143.39,1,-1,-1,-1
423,54,497.23,27.07,132.05,398.92,1,-1,-1,-1
424,48,146.98,157.64,45.13,137.29,1,-1,-1,-1
424,39,194.44,155.10,45.66,138.82,1,-1,-1,-1
424,54,481.62,27.85,135.99,410.70,1,-1,-1,-1
425,48,140.55,157.25,44.94,136.72,1,-1,-1,-1
425,39,190.13,161.03,43.03,130.87,1,-1,-1,-1
425,54,457.63,28.16,137.44,414.97,1,-1,-1,-1
425,55,170.83,120.68,60.92,184.14,1,-1,-1,-1
426,48,132.16,157.12,44.88,136.54,1,-1,-1,-1
426,39,185.53,161.23,40.13,122.09,1,-1,-1,-1
426,54,448.60,28.32,138.00,416.57,1,-1,-1,-1
426,55,170.15,125.54,56.60,171.19,1,-1,-1,-1
427,48,129.13,155.83,42.84,130.37,1,-1,-1,-1
427,39,177.56,152.27,43.20,131.44,1,-1,-1,-1
427,54,442.83,27.18,132.08,398.66,1,-1,-1,-1
427,55,169.42,121.56,61.40,185.75,1,-1,-1,-1
428,48,127.77,159.19,40.16,122.25,1,-1,-1,-1
428,39,174.85,149.25,44.23,134.57,1,-1,-1,-1
428,54,423.45,26.79,129.80,391.73,1,-1,-1,-1
429,48,122.02,156.56,41.15,125.26,1,-1,-1,-1
429,39,171.93,152.94,42.64,129.75,1,-1,-1,-1
429,54,410.81,39.59,117.77,355.40,1,-1,-1,-1
430,48,114.36,155.64,41.50,126.33,1,-1,-1,-1
430,39,166.96,149.49,44.08,134.15,1,-1,-1,-1
430,54,402.29,42.38,108.03,326.04,1,-1,-1,-1
430,55,157.79,108.39,63.60,192.44,1,-1,-1,-1
431,48,110.87,150.44,43.67,132.94,1,-1,-1,-1
431,39,163.58,153.07,42.61,129.68,1,-1,-1,-1
431,54,388.19,45.43,110.02,332.03,1,-1,-1,-1
432,48,103.68,148.53,44.48,135.40,1,-1,-1,-1
432,39,162.51,154.50,42.04,127.98,1,-1,-1,-1
432,54,368.25,46.44,110.72,334.15,1,-1,-1,-1
433,48,101.07,147.83,44.79,136.37,1,-1,-1,-1
433,39,160.29,153.47,39.95,121.63,1,-1,-1,-1
433,54,344.94,58.94,105.99,319.89,1,-1,-1,-1
434,48,95.79,152.41,42.92,130.67,1,-1,-1,-1
434,39,155.82,154.68,41.11,125.16,1,-1,-1,-1
434,54,322.39,63.53,104.33,314.88,1,-1,-1,-1
435,48,94.00,154.23,42.19,128.47,1,-1,-1,-1
435,39,149.47,150.26,43.53,132.56,1,-1,-1,-1
436,48,91.89,150.02,43.96,133.85,1,-1,-1,-1
436,39,147.18,142.65,44.45,135.33,1,-1,-1,-1
437,48,91.19,148.50,44.60,135.82,1,-1,-1,-1
437,39,145.61,144.87,42.82,130.39,1,-1,-1,-1
438,48,87.04,147.10,42.86,130.53,1,-1,-1,-1
438,39,145.21,145.81,42.18,128.45,1,-1,-1,-1
439,48,83.61,141.30,44.21,134.64,1,-1,-1,-1
439,39,139.48,146.19,41.94,127.74,1,-1,-1,-1
441,54,270.02,47.19,111.65,336.96,1,-1,-1,-1
442,54,270.25,58.09,107.19,323.52,1,-1,-1,-1
443,54,268.67,50.00,110.59,333.79,1,-1,-1,-1
443,62,364.21,144.53,53.32,162.34,1,-1,-1,-1
444,54,253.47,47.08,111.82,337.49,1,-1,-1,-1
444,62,355.17,147.11,54.85,166.98,1,-1,-1,-1
444,63,508.80,84.32,103.11,311.44,1,-1,-1,-1
444,55,144.47,152.31,39.65,120.20,1,-1,-1,-1
445,54,250.84,57.83,107.34,323.97,1,-1,-1,-1
445,62,351.70,139.66,55.44,168.76,1,-1,-1,-1
445,63,518.40,72.64,109.87,331.85,1,-1,-1,-1
445,55,144.61,153.36,39.02,118.42,1,-1,-1,-1
446,54,247.38,50.02,110.59,333.78,1,-1,-1,-1
446,62,350.77,145.29,55.60,169.23,1,-1,-1,-1
446,63,511.53,80.85,106.65,322.13,1,-1,-1,-1
446,55,144.54,153.82,38.74,117.67,1,-1,-1,-1
446,39,96.37,146.42,41.89,127.59,1,-1,-1,-1
447,54,242.11,33.45,117.05,353.26,1,-1,-1,-1
447,62,350.65,147.32,55.63,169.29,1,-1,-1,-1
447,63,483.33,79.97,99.99,302.01,1,-1,-1,-1
447,55,145.82,155.51,40.69,123.67,1,-1,-1,-1
447,39,100.76,150.86,39.93,121.66,1,-1,-1,-1
448,54,244.38,40.71,114.30,344.94,1,-1,-1,-1
448,62,342.96,138.49,58.41,177.73,1,-1,-1,-1
448,63,474.16,79.71,97.78,295.33,1,-1,-1,-1
448,55,145.08,154.44,39.46,119.99,1,-1,-1,-1
448,39,102.28,152.34,39.27,119.68,1,-1,-1,-1
449,54,245.75,43.77,113.13,341.41,1,-1,-1,-1
449,62,348.43,135.33,59.39,180.69,1,-1,-1,-1
449,63,480.79,83.72,102.18,308.62,1,-1,-1,-1
449,55,150.38,153.90,39.02,118.71,1,-1,-1,-1
449,39,102.94,152.87,39.04,118.98,1,-1,-1,-1
450,54,249.43,56.92,107.68,325.00,1,-1,-1,-1
450,62,350.18,131.91,62.60,190.42,1,-1,-1,-1
450,63,483.19,85.07,103.70,313.19,1,-1,-1,-1
450,55,157.77,153.65,38.89,118.34,1,-1,-1,-1
450,39,114.01,153.06,38.96,118.76,1,-1,-1,-1
451,54,251.14,62.00,105.58,318.66,1,-1,-1,-1
451,63,498.67,85.54,104.27,314.92,1,-1,-1,-1
451,55,162.41,155.10,40.78,124.13,1,-1,-1,-1
451,39,118.23,158.45,38.94,118.70,1,-1,-1,-1
452,54,251.92,63.84,104.81,316.36,1,-1,-1,-1
452,63,504.57,85.69,104.48,315.55,1,-1,-1,-1
452,55,169.72,155.60,41.47,126.25,1,-1,-1,-1
452,39,125.60,156.68,40.82,124.43,1,-1,-1,-1
453,54,249.40,52.42,109.57,330.70,1,-1,-1,-1
453,63,506.78,85.72,104.56,315.77,1,-1,-1,-1
453,55,180.70,154.20,39.86,121.38,1,-1,-1,-1
453,39,138.35,154.48,39.67,120.95,1,-1,-1,-1
454,54,248.55,48.22,111.32,335.99,1,-1,-1,-1
454,63,507.59,85.70,104.58,315.84,1,-1,-1,-1
454,55,190.16,159.00,39.25,119.53,1,-1,-1,-1
454,39,148.67,153.59,39.22,119.57,1,-1,-1,-1
455,54,265.10,58.46,107.05,323.11,1,-1,-1,-1
455,63,507.87,85.68,104.59,315.85,1,-1,-1,-1
455,55,196.99,156.93,40.93,124.66,1,-1,-1,-1
455,39,157.76,153.24,39.05,119.06,1,-1,-1,-1
456,54,269.75,50.39,110.41,333.25,1,-1,-1,-1
456,63,502.05,74.63,109.60,330.96,1,-1,-1,-1
456,55,206.45,159.86,39.68,120.89,1,-1,-1,-1
456,39,166.36,158.43,38.99,118.89,1,-1,-1,-1
457,54,271.45,62.27,111.63,336.93,1,-1,-1,-1
457,63,519.42,81.33,106.55,321.73,1,-1,-1,-1
457,55,215.22,160.96,39.20,119.43,1,-1,-1,-1
457,39,174.75,160.36,38.97,118.84,1,-1,-1,-1
458,54,269.01,54.14,117.39,354.29,1,-1,-1,-1
458,63,521.37,72.99,110.32,333.11,1,-1,-1,-1
458,55,218.26,161.33,39.02,118.92,1,-1,-1,-1
459,54,283.74,51.06,119.55,360.80,1,-1,-1,-1
459,63,513.07,80.75,106.78,322.43,1,-1,-1,-1
459,55,223.81,163.37,40.85,124.49,1,-1,-1,-1
460,54,286.23,52.13,125.99,380.18,1,-1,-1,-1
460,63,509.72,83.85,105.36,318.14,1,-1,-1,-1
460,55,231.65,167.42,39.68,120.93,1,-1,-1,-1
461,54,292.41,48.24,117.70,355.19,1,-1,-1,-1
461,63,508.45,85.00,104.83,316.53,1,-1,-1,-1
461,55,239.75,163.61,39.22,119.53,1,-1,-1,-1
462,54,295.75,58.75,109.19,329.50,1,-1,-1,-1
462,63,502.08,74.41,109.64,331.02,1,-1,-1,-1
462,55,242.54,162.15,39.05,119.03,1,-1,-1,-1
462,66,416.47,197.76,40.26,122.57,1,-1,-1,-1
463,54,293.85,52.61,116.59,351.84,1,-1,-1,-1
463,63,505.50,81.28,106.51,321.58,1,-1,-1,-1
463,55,243.43,163.51,40.87,124.58,1,-1,-1,-1
463,66,414.92,202.08,44.00,133.95,1,-1,-1,-1
464,54,293.19,50.49,119.16,359.58,1,-1,-1,-1
464,63,500.98,88.07,110.26,332.90,1,-1,-1,-1
464,55,243.59,162.10,39.70,121.02,1,-1,-1,-1
465,54,294.91,47.55,114.88,346.66,1,-1,-1,-1
465,63,491.01,78.98,116.91,352.93,1,-1,-1,-1
465,55,243.35,161.51,39.23,119.62,1,-1,-1,-1
466,54,293.43,48.60,118.54,357.68,1,-1,-1,-1
466,63,487.56,83.01,109.40,330.27,1,-1,-1,-1
466,55,243.11,161.28,39.06,119.10,1,-1,-1,-1
466,66,405.96,203.91,45.01,137.03,1,-1,-1,-1
467,54,289.54,51.27,125.52,378.74,1,-1,-1,-1
467,63,469.70,76.84,116.72,352.35,1,-1,-1,-1
467,55,242.87,161.18,39.00,118.92,1,-1,-1,-1
468,54,275.72,50.05,122.60,369.92,1,-1,-1,-1
468,63,458.03,71.51,114.13,344.50,1,-1,-1,-1
468,55,242.66,161.13,38.98,118.86,1,-1,-1,-1
469,54,265.66,34.76,127.06,383.34,1,-1,-1,-1
469,63,468.51,69.42,113.03,341.18,1,-1,-1,-1
470,54,266.36,27.95,123.09,371.37,1,-1,-1,-1
470,63,465.53,79.61,107.62,324.85,1,-1,-1,-1
470,55,242.61,156.66,41.20,125.63,1,-1,-1,-1
471,54,266.74,25.37,121.46,366.44,1,-1,-1,-1
471,63,464.55,83.55,105.53,318.55,1,-1,-1,-1
472,54,262.42,25.64,126.56,381.80,1,-1,-1,-1
472,63,441.16,73.89,109.82,331.49,1,-1,-1,-1
473,54,260.85,25.78,128.43,387.44,1,-1,-1,-1
473,63,434.93,90.40,101.85,307.46,1,-1,-1,-1
474,54,260.31,25.92,129.13,389.52,1,-1,-1,-1
474,63,429.67,111.66,90.05,271.88,1,-1,-1,-1
475,54,277.16,26.05,129.35,390.19,1,-1,-1,-1
476,54,278.88,27.39,135.49,408.67,1,-1,-1,-1
476,63,446.84,77.82,107.51,324.57,1,-1,-1,-1
477,54,287.50,25.59,126.21,380.68,1,-1,-1,-1
477,63,450.18,70.54,111.35,336.15,1,-1,-1,-1
478,54,282.62,27.38,134.41,405.39,1,-1,-1,-1
478,63,451.68,67.78,112.80,340.51,1,-1,-1,-1
479,54,285.61,26.80,131.32,396.08,1,-1,-1,-1
479,63,446.40,77.58,108.39,327.21,1,-1,-1,-1
480,54,274.11,25.48,124.30,374.91,1,-1,-1,-1
480,63,444.39,81.71,106.51,321.54,1,-1,-1,-1
480,67,532.02,76.70,98.94,298.71,1,-1,-1,-1
481,54,265.09,26.19,127.42,384.29,1,-1,-1,-1
481,63,429.78,83.36,105.74,319.21,1,-1,-1,-1
481,67,512.94,67.00,103.35,312.02,1,-1,-1,-1
482,54,261.87,26.47,128.53,387.65,1,-1,-1,-1
482,63,429.43,73.15,110.36,333.16,1,-1,-1,-1
482,67,517.33,67.36,110.54,333.74,1,-1,-1,-1
483,54,268.31,39.27,117.93,355.68,1,-1,-1,-1
483,63,429.36,84.02,112.06,338.29,1,-1,-1,-1
483,67,502.92,67.72,112.81,340.58,1,-1,-1,-1
484,54,255.48,44.32,113.75,343.12,1,-1,-1,-1
484,63,414.74,88.39,112.67,340.09,1,-1,-1,-1
484,67,498.00,68.01,113.36,342.24,1,-1,-1,-1
485,54,246.65,48.28,117.79,355.30,1,-1,-1,-1
485,63,409.19,90.14,112.84,340.59,1,-1,-1,-1
485,67,496.59,68.21,113.37,342.27,1,-1,-1,-1
486,54,247.76,47.51,113.90,343.58,1,-1,-1,-1
486,63,394.61,79.23,118.13,356.55,1,-1,-1,-1
486,67,488.02,79.67,108.09,326.33,1,-1,-1,-1
487,54,244.07,49.31,117.88,355.59,1,-1,-1,-1
487,63,387.03,86.56,114.90,346.80,1,-1,-1,-1
487,67,485.17,84.00,105.98,319.95,1,-1,-1,-1
488,54,235.99,45.79,109.04,328.94,1,-1,-1,-1
488,63,384.30,89.57,113.51,342.60,1,-1,-1,-1
488,67,484.40,85.50,105.18,317.55,1,-1,-1,-1
489,54,233.04,44.31,105.60,318.59,1,-1,-1,-1
489,63,389.57,96.00,103.33,311.90,1,-1,-1,-1
489,67,477.31,90.09,109.98,332.01,1,-1,-1,-1
490,54,232.11,43.75,104.43,315.07,1,-1,-1,-1
490,63,371.37,80.92,114.80,346.49,1,-1,-1,-1
490,67,467.76,87.72,106.74,322.25,1,-1,-1,-1
491,54,234.68,54.93,99.30,299.65,1,-1,-1,-1
491,63,364.00,87.17,113.52,342.62,1,-1,-1,-1
491,67,456.35,90.74,110.49,333.55,1,-1,-1,-1
492,63,369.38,95.06,103.34,311.92,1,-1,-1,-1
492,67,452.32,76.93,111.85,337.63,1,-1,-1,-1
493,63,361.42,103.01,104.10,314.24,1,-1,-1,-1
493,67,444.97,82.46,107.37,324.13,1,-1,-1,-1
494,63,360.82,95.76,109.39,330.19,1,-1,-1,-1
494,67,442.49,84.61,105.59,318.75,1,-1,-1,-1
495,63,372.40,89.11,106.43,321.27,1,-1,-1,-1
495,67,441.80,85.39,104.92,316.74,1,-1,-1,-1
495,54,219.62,28.08,117.90,355.75,1,-1,-1,-1
496,63,380.35,90.51,110.26,332.81,1,-1,-1,-1
496,67,441.76,85.65,104.67,316.00,1,-1,-1,-1
496,54,223.24,23.82,115.01,347.04,1,-1,-1,-1
497,63,380.26,100.87,106.74,322.18,1,-1,-1,-1
497,67,448.08,74.70,109.60,330.84,1,-1,-1,-1
497,54,224.87,22.33,113.74,343.21,1,-1,-1,-1
498,63,383.43,94.90,110.36,333.10,1,-1,-1,-1
498,67,450.51,70.64,111.42,336.33,1,-1,-1,-1
498,54,229.48,20.91,108.26,326.68,1,-1,-1,-1
499,63,370.97,81.10,116.95,353.00,1,-1,-1,-1
499,67,451.59,69.10,112.10,338.39,1,-1,-1,-1
500,63,376.68,83.38,109.41,330.24,1,-1,-1,-1
500,67,459.91,79.42,107.40,324.20,1,-1,-1,-1
501,63,368.28,76.57,116.73,352.32,1,-1,-1,-1
501,67,455.29,72.39,110.59,333.81,1,-1,-1,-1
501,54,200.51,26.38,133.68,403.36,1,-1,-1,-1
502,63,378.76,85.60,114.13,344.46,1,-1,-1,-1
502,67,459.04,73.03,117.03,353.23,1,-1,-1,-1
502,54,186.31,28.84,143.70,433.50,1,-1,-1,-1
503,63,383.06,89.30,113.03,341.14,1,-1,-1,-1
503,67,462.84,80.82,109.41,330.23,1,-1,-1,-1
504,63,381.62,86.71,107.61,324.80,1,-1,-1,-1
504,67,471.65,72.89,111.29,335.93,1,-1,-1,-1
505,63,381.09,85.73,105.53,318.51,1,-1,-1,-1
505,67,474.82,70.04,111.97,337.96,1,-1,-1,-1
506,63,380.90,85.39,104.77,316.23,1,-1,-1,-1
506,67,476.01,68.98,112.21,338.69,1,-1,-1,-1
507,63,380.85,85.28,104.50,315.44,1,-1,-1,-1
507,67,476.42,68.62,112.29,338.92,1,-1,-1,-1
508,63,383.96,74.22,109.44,330.33,1,-1,-1,-1
508,67,476.55,68.51,112.31,338.96,1,-1,-1,-1
509,63,382.06,80.96,106.35,321.01,1,-1,-1,-1
509,67,476.56,68.50,112.30,338.93,1,-1,-1,-1
510,63,386.68,75.91,115.53,348.71,1,-1,-1,-1
510,67,476.54,68.52,112.29,338.89,1,-1,-1,-1
511,63,383.18,81.59,108.84,328.52,1,-1,-1,-1
511,67,476.51,68.56,112.27,338.84,1,-1,-1,-1
512,63,384.85,88.06,111.08,335.26,1,-1,-1,-1
512,67,476.47,68.59,112.25,338.79,1,-1,-1,-1
513,67,483.29,79.56,107.26,323.74,1,-1,-1,-1
514,67,485.87,83.78,105.35,317.95,1,-1,-1,-1
515,67,486.77,85.29,104.66,315.89,1,-1,-1,-1
516,67,495.23,89.85,109.45,330.36,1,-1,-1,-1
516,54,100.34,79.79,98.65,297.68,1,-1,-1,-1
517,67,498.31,91.50,111.22,335.70,1,-1,-1,-1
517,54,114.27,80.59,97.22,293.40,1,-1,-1,-1
518,54,116.81,81.08,96.68,291.81,1,-1,-1,-1
519,54,123.74,70.32,101.50,306.39,1,-1,-1,-1
521,71,192.81,23.29,140.33,422.86,1,-1,-1,-1
522,71,195.30,27.66,138.76,418.15,1,-1,-1,-1
523,71,196.09,29.05,138.26,416.66,1,-1,-1,-1
524,71,206.87,8.25,145.70,439.06,1,-1,-1,-1
525,71,209.51,19.97,134.45,405.17,1,-1,-1,-1
525,54,128.35,80.17,80.33,242.58,1,-1,-1,-1
526,71,210.89,5.83,144.18,434.48,1,-1,-1,-1
526,54,143.31,75.98,87.93,265.55,1,-1,-1,-1
527,71,211.34,1.27,147.31,443.93,1,-1,-1,-1
527,54,147.10,74.96,89.68,270.86,1,-1,-1,-1
528,71,211.34,-0.25,148.44,447.33,1,-1,-1,-1
528,54,153.31,82.71,86.30,260.70,1,-1,-1,-1
529,71,231.23,-0.63,148.80,448.41,1,-1,-1,-1
529,54,163.08,89.88,89.19,269.42,1,-1,-1,-1
529,72,129.51,164.85,45.64,138.82,1,-1,-1,-1
530,71,238.59,-0.61,148.87,448.63,1,-1,-1,-1
530,54,170.52,99.70,86.18,260.36,1,-1,-1,-1
530,72,119.81,160.53,50.42,153.35,1,-1,-1,-1
530,63,381.11,106.51,104.66,315.90,1,-1,-1,-1
531,71,230.48,18.08,142.21,428.58,1,-1,-1,-1
531,54,173.17,103.38,85.04,256.94,1,-1,-1,-1
531,72,108.78,159.11,51.98,158.10,1,-1,-1,-1
531,63,380.99,106.85,104.50,315.43,1,-1,-1,-1
532,71,234.59,24.09,133.32,401.80,1,-1,-1,-1
532,72,97.57,158.78,52.35,159.21,1,-1,-1,-1
532,63,380.95,106.97,104.44,315.26,1,-1,-1,-1
533,71,228.32,27.58,136.43,411.17,1,-1,-1,-1
533,72,82.86,150.78,55.02,167.31,1,-1,-1,-1
533,63,368.93,96.91,109.47,330.45,1,-1,-1,-1
534,71,216.84,10.20,144.17,434.51,1,-1,-1,-1
534,72,65.35,146.94,58.64,178.29,1,-1,-1,-1
534,63,359.58,98.42,101.78,307.27,1,-1,-1,-1
535,71,212.54,3.74,147.06,443.19,1,-1,-1,-1
535,72,44.87,135.36,62.77,190.82,1,-1,-1,-1
535,63,356.00,99.06,98.70,297.97,1,-1,-1,-1
536,71,210.84,1.28,148.15,446.49,1,-1,-1,-1
536,72,30.12,127.99,67.28,204.50,1,-1,-1,-1
536,63,344.55,93.87,107.51,324.55,1,-1,-1,-1
536,73,423.24,85.45,104.56,315.68,1,-1,-1,-1
536,74,120.76,150.23,48.01,145.65,1,-1,-1,-1
537,71,210.19,0.41,148.54,447.65,1,-1,-1,-1
537,72,16.48,111.93,72.15,219.23,1,-1,-1,-1
537,63,340.52,92.05,110.61,333.90,1,-1,-1,-1
537,73,423.24,85.45,104.56,315.68,1,-1,-1,-1
537,74,117.73,140.36,51.18,155.27,1,-1,-1,-1
538,71,209.96,0.16,148.65,447.99,1,-1,-1,-1
538,72,2.03,104.62,80.95,245.88,1,-1,-1,-1
538,63,339.10,91.37,111.82,337.55,1,-1,-1,-1
538,73,423.24,85.45,104.56,315.68,1,-1,-1,-1
538,74,116.87,137.56,52.08,157.99,1,-1,-1,-1
539,71,209.88,0.13,148.67,448.02,1,-1,-1,-1
539,72,-3.58,111.99,77.67,235.86,1,-1,-1,-1
539,63,337.65,87.18,107.33,324.00,1,-1,-1,-1
539,73,429.02,73.02,110.21,332.73,1,-1,-1,-1
539,74,118.26,137.53,49.61,150.54,1,-1,-1,-1
540,71,198.68,-20.89,155.67,469.12,1,-1,-1,-1
540,63,338.38,89.65,110.58,333.80,1,-1,-1,-1
540,73,430.90,68.98,112.05,338.27,1,-1,-1,-1
540,74,117.28,137.34,51.30,155.68,1,-1,-1,-1
541,71,221.59,-8.01,138.92,418.65,1,-1,-1,-1
541,63,337.63,100.41,106.83,322.49,1,-1,-1,-1
541,73,440.76,79.20,107.41,324.26,1,-1,-1,-1
541,74,116.98,137.34,51.84,157.32,1,-1,-1,-1
541,75,105.50,87.59,73.64,222.93,1,-1,-1,-1
542,71,231.04,-2.44,131.98,397.76,1,-1,-1,-1
542,63,338.60,94.61,110.37,333.17,1,-1,-1,-1
542,73,450.73,71.65,110.84,334.61,1,-1,-1,-1
542,74,124.17,137.44,52.00,157.83,1,-1,-1,-1
542,75,117.01,89.89,73.64,222.93,1,-1,-1,-1
543,71,227.58,-0.43,149.97,451.96,1,-1,-1,-1
543,73,454.12,69.05,112.02,338.18,1,-1,-1,-1
543,74,125.33,136.55,54.59,165.69,1,-1,-1,-1
544,71,235.89,0.24,149.31,449.98,1,-1,-1,-1
544,73,460.72,71.44,117.83,355.71,1,-1,-1,-1
544,74,118.23,136.26,55.52,168.52,1,-1,-1,-1
544,76,186.58,148.75,48.99,148.86,1,-1,-1,-1
545,71,250.47,0.56,155.96,470.00,1,-1,-1,-1
545,73,463.05,72.39,119.97,362.13,1,-1,-1,-1
545,74,112.82,126.62,58.50,177.55,1,-1,-1,-1
545,76,187.78,148.74,48.44,147.20,1,-1,-1,-1
546,71,255.92,0.69,158.45,477.48,1,-1,-1,-1
546,73,473.18,69.64,115.43,348.41,1,-1,-1,-1
546,74,110.78,123.01,59.60,180.89,1,-1,-1,-1
546,76,190.45,148.77,51.02,155.03,1,-1,-1,-1
547,71,269.86,-21.52,166.79,502.59,1,-1,-1,-1
547,73,472.00,58.00,124.75,376.53,1,-1,-1,-1
547,74,110.01,121.69,59.99,182.05,1,-1,-1,-1
547,76,192.96,139.95,54.57,165.81,1,-1,-1,-1
548,71,283.81,-28.51,162.61,489.99,1,-1,-1,-1
548,73,488.25,53.82,128.11,386.64,1,-1,-1,-1
548,74,111.29,114.85,65.93,200.04,1,-1,-1,-1
548,76,194.96,135.25,58.54,177.88,1,-1,-1,-1
549,71,280.20,-32.67,168.31,507.15,1,-1,-1,-1
549,73,494.53,52.27,129.36,390.39,1,-1,-1,-1
549,74,110.29,118.51,62.52,189.68,1,-1,-1,-1
549,76,202.06,135.22,57.26,173.98,1,-1,-1,-1
549,75,104.71,70.02,84.48,255.72,1,-1,-1,-1
550,71,278.75,-34.17,170.41,513.46,1,-1,-1,-1
550,73,501.71,36.10,135.80,409.78,1,-1,-1,-1
550,74,102.28,104.58,66.86,202.83,1,-1,-1,-1
550,76,198.18,125.57,59.33,180.23,1,-1,-1,-1
551,71,286.83,-33.14,163.73,493.32,1,-1,-1,-1
551,73,509.31,43.22,126.72,382.37,1,-1,-1,-1
551,74,94.32,94.44,71.60,217.19,1,-1,-1,-1
551,76,197.32,110.68,62.89,191.02,1,-1,-1,-1
552,71,280.75,-34.10,168.58,507.92,1,-1,-1,-1
552,73,519.39,44.25,117.45,354.41,1,-1,-1,-1
552,74,87.41,95.54,70.32,213.26,1,-1,-1,-1
552,76,196.99,109.94,67.19,204.05,1,-1,-1,-1
553,71,278.44,-34.41,170.35,513.22,1,-1,-1,-1
553,73,531.75,46.99,119.42,360.35,1,-1,-1,-1
553,74,78.91,91.07,72.91,221.08,1,-1,-1,-1
553,76,196.77,113.35,65.88,200.04,1,-1,-1,-1
554,71,277.42,-34.44,170.97,515.07,1,-1,-1,-1
554,74,60.91,87.00,80.91,245.29,1,-1,-1,-1
554,76,188.08,115.04,65.21,197.98,1,-1,-1,-1
555,71,276.92,-34.37,171.15,515.60,1,-1,-1,-1
555,74,54.01,85.46,83.99,254.56,1,-1,-1,-1
555,76,184.16,112.22,67.91,206.15,1,-1,-1,-1
556,71,276.63,-34.26,171.16,515.63,1,-1,-1,-1
556,74,40.52,84.99,85.18,258.10,1,-1,-1,-1
556,76,171.83,106.75,72.09,218.79,1,-1,-1,-1
557,71,276.45,-34.16,171.12,515.48,1,-1,-1,-1
557,74,24.33,84.94,85.57,259.25,1,-1,-1,-1
557,76,160.80,103.68,80.68,244.77,1,-1,-1,-1
558,71,285.26,-32.55,163.53,492.64,1,-1,-1,-1
558,74,18.15,85.04,85.66,259.46,1,-1,-1,-1
558,76,156.49,91.89,84.03,254.88,1,-1,-1,-1
559,71,288.55,-31.86,160.56,483.68,1,-1,-1,-1
559,74,16.78,77.29,89.57,271.26,1,-1,-1,-1
559,76,154.80,87.12,85.32,258.72,1,-1,-1,-1
560,71,289.68,-31.57,159.46,480.38,1,-1,-1,-1
560,74,4.67,65.18,95.21,288.27,1,-1,-1,-1
560,76,149.60,77.58,89.63,271.70,1,-1,-1,-1
561,71,280.94,-32.96,166.69,502.12,1,-1,-1,-1
561,76,136.01,73.94,91.27,276.60,1,-1,-1,-1
562,71,277.68,-33.46,169.35,510.14,1,-1,-1,-1
562,75,111.18,74.32,90.68,274.39,1,-1,-1,-1
563,71,276.37,-33.62,170.36,513.17,1,-1,-1,-1
563,75,98.06,55.39,105.17,318.12,1,-1,-1,-1
564,71,264.66,-59.39,178.76,538.47,1,-1,-1,-1
564,75,93.75,49.18,109.98,332.55,1,-1,-1,-1
565,71,260.26,-69.06,181.91,547.92,1,-1,-1,-1
565,75,91.99,46.67,111.92,338.31,1,-1,-1,-1
566,71,258.56,-72.71,183.08,551.42,1,-1,-1,-1
566,75,66.65,33.38,123.35,372.75,1,-1,-1,-1
567,71,246.71,-48.40,175.47,528.49,1,-1,-1,-1
567,75,56.98,28.32,127.72,385.86,1,-1,-1,-1
568,75,39.18,9.92,141.57,427.58,1,-1,-1,-1
568,77,409.60,49.02,109.13,329.62,1,-1,-1,-1
569,77,412.38,31.37,117.28,354.24,1,-1,-1,-1
570,77,416.07,26.13,126.65,382.52,1,-1,-1,-1
571,77,431.79,23.49,123.73,373.67,1,-1,-1,-1
572,77,444.08,5.90,134.84,407.21,1,-1,-1,-1
573,77,449.71,-0.13,145.27,438.64,1,-1,-1,-1
580,77,505.28,56.73,109.69,331.21,1,-1,-1,-1
581,77,493.22,64.30,104.73,316.23,1,-1,-1,-1
582,77,490.94,66.47,103.34,312.03,1,-1,-1,-1
582,78,215.35,155.34,41.87,127.61,1,-1,-1,-1
583,77,489.93,81.71,103.01,311.03,1,-1,-1,-1
583,78,217.18,157.85,46.71,142.35,1,-1,-1,-1
584,78,209.79,162.60,43.77,133.38,1,-1,-1,-1
585,78,200.33,152.68,47.18,143.77,1,-1,-1,-1
586,78,197.41,156.43,48.24,147.00,1,-1,-1,-1
587,78,191.81,151.16,50.96,155.25,1,-1,-1,-1
588,78,182.86,149.23,51.92,158.16,1,-1,-1,-1
589,78,158.17,148.07,54.70,166.60,1,-1,-1,-1
590,78,140.07,138.77,58.32,177.58,1,-1,-1,-1
591,78,122.75,132.99,62.45,190.06,1,-1,-1,-1
592,78,103.85,127.85,66.95,203.71,1,-1,-1,-1
593,78,84.26,128.75,65.82,200.21,1,-1,-1,-1
594,78,65.04,122.50,71.39,217.05,1,-1,-1,-1
595,78,50.50,115.48,76.82,233.47,1,-1,-1,-1
596,78,34.97,112.73,78.97,239.90,1,-1,-1,-1
597,78,19.75,105.98,83.34,253.09,1,-1,-1,-1
598,78,3.26,103.38,85.04,258.13,1,-1,-1,-1
599,78,-2.92,102.47,85.63,259.84,1,-1,-1,-1
600,79,162.95,154.03,43.95,133.56,1,-1,-1,-1
601,79,163.68,155.09,42.36,128.74,1,-1,-1,-1
602,79,158.47,149.46,44.37,134.85,1,-1,-1,-1
603,79,156.98,154.71,44.97,136.68,1,-1,-1,-1
604,79,150.48,150.47,47.50,144.37,1,-1,-1,-1
607,79,128.40,129.35,66.00,200.55,1,-1,-1,-1
608,79,125.43,126.55,68.50,208.09,1,-1,-1,-1
611,79,100.18,115.38,77.38,234.99,1,-1,-1,-1
612,79,90.01,108.03,82.16,249.39,1,-1,-1,-1
613,79,78.53,98.35,87.80,266.39,1,-1,-1,-1
614,79,62.57,94.57,90.00,272.99,1,-1,-1,-1
614,80,189.63,103.89,84.74,256.23,1,-1,-1,-1
615,80,185.92,95.42,89.45,270.46,1,-1,-1,-1
616,80,184.66,92.55,91.04,275.27,1,-1,-1,-1
617,80,184.36,91.87,91.42,276.41,1,-1,-1,-1
618,80,175.53,99.69,87.08,263.28,1,-1,-1,-1
618,81,121.16,138.89,48.25,146.74,1,-1,-1,-1
619,80,168.17,94.76,89.82,271.56,1,-1,-1,-1
619,81,112.05,138.89,48.25,146.74,1,-1,-1,-1
620,80,165.76,93.11,90.74,274.34,1,-1,-1,-1
620,81,98.64,138.38,50.96,154.99,1,-1,-1,-1
621,80,165.05,92.55,91.05,275.27,1,-1,-1,-1
621,81,91.35,137.14,54.54,165.86,1,-1,-1,-1
621,82,241.08,102.51,83.56,252.78,1,-1,-1,-1
622,80,169.02,99.81,87.02,263.08,1,-1,-1,-1
622,81,89.13,144.55,55.75,169.52,1,-1,-1,-1
622,82,253.13,110.45,80.11,242.35,1,-1,-1,-1
623,80,166.57,107.67,89.64,270.99,1,-1,-1,-1
623,82,257.32,113.21,78.91,238.72,1,-1,-1,-1
624,80,165.75,110.46,90.57,273.80,1,-1,-1,-1
624,82,245.37,112.54,87.58,264.94,1,-1,-1,-1
625,80,169.54,117.94,86.85,262.57,1,-1,-1,-1
625,82,242.34,107.21,86.12,260.54,1,-1,-1,-1
626,80,175.06,106.16,93.96,284.04,1,-1,-1,-1
626,82,241.20,105.00,85.43,258.42,1,-1,-1,-1
627,80,173.24,104.83,88.30,266.92,1,-1,-1,-1
627,82,240.83,104.19,85.13,257.52,1,-1,-1,-1
628,80,180.85,96.84,90.06,272.23,1,-1,-1,-1
628,82,240.74,103.90,85.00,257.12,1,-1,-1,-1
629,80,179.31,98.33,95.01,287.18,1,-1,-1,-1
629,82,252.33,103.81,84.93,256.90,1,-1,-1,-1
630,80,197.14,101.75,88.66,268.01,1,-1,-1,-1
630,82,266.56,109.91,81.06,245.19,1,-1,-1,-1
631,80,204.31,114.73,86.05,260.10,1,-1,-1,-1
631,82,271.86,112.22,79.58,240.73,1,-1,-1,-1
632,80,204.42,112.87,89.21,269.65,1,-1,-1,-1
632,82,284.50,113.02,79.06,239.15,1,-1,-1,-1
633,80,218.71,113.30,82.59,249.68,1,-1,-1,-1
633,82,288.98,113.29,78.89,238.62,1,-1,-1,-1
633,83,31.27,31.29,150.46,453.29,1,-1,-1,-1
634,80,223.45,107.18,83.87,253.54,1,-1,-1,-1
634,82,301.19,113.35,78.84,238.48,1,-1,-1,-1
634,83,54.35,30.95,148.79,448.25,1,-1,-1,-1
635,80,236.40,111.08,80.53,243.46,1,-1,-1,-1
635,82,305.54,113.34,78.83,238.48,1,-1,-1,-1
636,80,241.09,112.56,79.28,239.70,1,-1,-1,-1
636,82,306.95,113.31,78.85,238.51,1,-1,-1,-1
637,80,242.62,113.07,78.85,238.43,1,-1,-1,-1
637,82,307.27,113.28,78.86,238.57,1,-1,-1,-1
637,83,70.59,-29.79,169.15,509.59,1,-1,-1,-1
638,80,243.00,113.23,78.72,238.05,1,-1,-1,-1
638,82,307.21,113.25,78.88,238.62,1,-1,-1,-1
638,83,90.88,-13.33,163.74,493.27,1,-1,-1,-1
639,80,242.97,113.27,78.70,238.00,1,-1,-1,-1
639,82,307.02,113.22,78.89,238.66,1,-1,-1,-1
640,80,231.44,107.19,82.53,249.55,1,-1,-1,-1
640,82,296.19,113.19,78.91,238.70,1,-1,-1,-1
641,80,227.13,104.94,83.94,253.83,1,-1,-1,-1
641,82,292.01,113.17,78.92,238.74,1,-1,-1,-1
642,80,226.02,114.92,77.27,233.68,1,-1,-1,-1
642,82,290.37,113.15,78.93,238.77,1,-1,-1,-1
643,80,213.17,119.29,82.15,248.43,1,-1,-1,-1
643,82,289.72,113.13,78.94,238.80,1,-1,-1,-1
644,80,208.74,120.80,83.83,253.51,1,-1,-1,-1
644,82,286.54,118.03,75.42,228.19,1,-1,-1,-1
645,80,208.49,116.09,80.75,244.22,1,-1,-1,-1
645,82,277.47,114.88,77.68,234.99,1,-1,-1,-1
646,80,209.12,119.15,75.99,229.84,1,-1,-1,-1
646,82,274.22,113.74,78.49,237.46,1,-1,-1,-1
647,80,197.88,126.09,77.83,235.41,1,-1,-1,-1
647,82,268.15,122.10,72.03,217.94,1,-1,-1,-1
647,85,68.95,6.57,154.78,466.57,1,-1,-1,-1
648,80,193.93,128.52,78.49,237.41,1,-1,-1,-1
648,82,268.67,131.50,72.91,220.62,1,-1,-1,-1
648,85,66.05,2.43,157.85,475.80,1,-1,-1,-1
649,80,203.75,133.59,75.23,227.57,1,-1,-1,-1
649,82,268.87,134.75,73.23,221.59,1,-1,-1,-1
649,85,64.98,0.91,158.97,479.19,1,-1,-1,-1
650,80,206.91,141.24,67.53,204.31,1,-1,-1,-1
650,82,260.56,131.66,76.90,232.70,1,-1,-1,-1
650,85,64.71,0.53,159.26,480.05,1,-1,-1,-1
651,80,199.13,131.67,67.92,205.52,1,-1,-1,-1
651,82,256.06,124.88,74.80,226.36,1,-1,-1,-1
651,85,64.68,0.49,159.29,480.14,1,-1,-1,-1
652,80,196.53,128.43,68.07,205.98,1,-1,-1,-1
652,82,254.41,122.13,73.98,223.86,1,-1,-1,-1
652,85,64.72,0.54,159.26,480.03,1,-1,-1,-1
653,80,195.03,133.25,71.50,216.37,1,-1,-1,-1
653,82,251.84,134.30,70.37,212.98,1,-1,-1,-1
653,85,64.76,0.60,159.22,479.89,1,-1,-1,-1
654,80,195.11,138.24,69.51,210.37,1,-1,-1,-1
654,82,251.00,138.88,69.03,208.92,1,-1,-1,-1
654,85,61.86,0.66,151.91,457.86,1,-1,-1,-1
655,80,195.24,140.12,68.76,208.11,1,-1,-1,-1
655,82,250.77,140.47,68.56,207.53,1,-1,-1,-1
655,85,63.79,0.72,156.53,471.76,1,-1,-1,-1
656,80,194.73,137.45,71.82,217.39,1,-1,-1,-1
656,82,250.77,131.64,68.41,207.10,1,-1,-1,-1
656,85,64.48,0.76,158.17,476.68,1,-1,-1,-1
657,80,194.56,126.68,72.95,220.81,1,-1,-1,-1
657,82,260.15,128.31,68.38,207.02,1,-1,-1,-1
657,85,64.75,0.79,158.79,478.53,1,-1,-1,-1
658,80,194.55,122.49,73.39,222.15,1,-1,-1,-1
658,82,263.69,127.05,68.39,207.06,1,-1,-1,-1
658,85,64.87,0.82,159.01,479.18,1,-1,-1,-1
659,80,204.34,124.80,70.30,212.80,1,-1,-1,-1
659,82,274.30,126.58,68.42,207.14,1,-1,-1,-1
659,85,77.90,0.84,145.37,438.09,1,-1,-1,-1
660,80,194.58,122.16,79.82,241.60,1,-1,-1,-1
660,82,268.99,126.40,68.44,207.23,1,-1,-1,-1
660,85,82.93,20.07,140.09,422.19,1,-1,-1,-1
661,80,193.27,126.25,79.57,240.82,1,-1,-1,-1
661,82,269.67,122.40,71.76,217.27,1,-1,-1,-1
661,85,88.76,28.16,145.10,437.27,1,-1,-1,-1
662,80,192.78,127.98,79.41,240.34,1,-1,-1,-1
662,82,272.62,127.78,66.75,202.13,1,-1,-1,-1
662,85,90.78,30.97,146.89,442.68,1,-1,-1,-1
663,80,192.63,128.66,79.33,240.08,1,-1,-1,-1
663,82,272.79,133.90,59.10,179.00,1,-1,-1,-1
663,85,100.97,46.59,134.83,406.36,1,-1,-1,-1
664,80,192.60,128.91,79.28,239.92,1,-1,-1,-1
664,82,268.01,128.85,65.40,198.09,1,-1,-1,-1
664,85,77.23,16.58,150.83,454.56,1,-1,-1,-1
664,86,29.24,125.17,69.68,210.93,1,-1,-1,-1
665,80,201.68,123.79,82.98,251.10,1,-1,-1,-1
665,82,275.55,127.24,67.40,204.14,1,-1,-1,-1
665,85,85.76,25.80,149.30,449.95,1,-1,-1,-1
665,86,20.58,108.48,81.42,246.46,1,-1,-1,-1
665,87,218.62,134.86,58.78,178.45,1,-1,-1,-1
666,80,206.50,127.00,80.69,244.15,1,-1,-1,-1
666,82,274.79,129.61,65.18,197.42,1,-1,-1,-1
666,85,89.23,29.53,148.66,448.02,1,-1,-1,-1
666,86,5.36,102.93,85.32,258.27,1,-1,-1,-1
667,80,208.41,117.73,79.73,241.25,1,-1,-1,-1
667,82,278.25,127.47,67.40,204.17,1,-1,-1,-1
667,85,90.50,11.13,148.42,447.28,1,-1,-1,-1
667,86,-13.18,93.74,90.63,274.31,1,-1,-1,-1
667,87,226.34,136.56,55.91,169.76,1,-1,-1,-1
668,80,218.88,132.29,72.56,219.59,1,-1,-1,-1
668,82,279.49,126.69,68.22,206.63,1,-1,-1,-1
668,85,105.38,22.60,141.74,427.15,1,-1,-1,-1
669,80,221.53,131.58,66.61,201.59,1,-1,-1,-1
669,82,284.72,129.42,65.49,198.39,1,-1,-1,-1
669,85,96.28,8.25,145.90,439.70,1,-1,-1,-1
670,80,223.73,128.11,67.71,204.96,1,-1,-1,-1
670,82,286.68,130.49,64.43,195.20,1,-1,-1,-1
670,85,112.62,3.09,147.41,444.23,1,-1,-1,-1
670,88,38.27,75.57,92.25,278.65,1,-1,-1,-1
671,80,229.49,140.45,62.09,187.99,1,-1,-1,-1
671,82,287.34,130.87,64.05,194.05,1,-1,-1,-1
671,85,113.51,19.52,141.43,426.22,1,-1,-1,-1
671,88,39.94,78.88,96.36,291.06,1,-1,-1,-1
672,80,234.01,143.38,63.01,190.80,1,-1,-1,-1
672,82,287.54,139.67,63.92,193.66,1,-1,-1,-1
672,85,113.69,25.93,139.12,419.29,1,-1,-1,-1
672,88,25.38,79.95,97.69,295.06,1,-1,-1,-1
673,80,241.29,146.07,60.43,183.02,1,-1,-1,-1
673,82,287.55,134.29,63.88,193.55,1,-1,-1,-1
673,85,113.65,28.25,138.30,416.83,1,-1,-1,-1
673,88,5.94,55.27,108.79,328.60,1,-1,-1,-1
674,80,239.95,133.15,65.66,198.85,1,-1,-1,-1
674,82,282.66,129.18,66.94,202.83,1,-1,-1,-1
674,85,125.91,27.82,131.83,397.34,1,-1,-1,-1
674,88,-0.43,49.27,117.97,356.28,1,-1,-1,-1
675,80,237.61,131.68,64.45,195.20,1,-1,-1,-1
675,82,281.00,132.50,62.26,188.67,1,-1,-1,-1
675,85,117.84,28.86,135.74,409.14,1,-1,-1,-1
676,80,229.91,129.80,73.95,223.96,1,-1,-1,-1
676,82,276.28,131.52,63.31,191.85,1,-1,-1,-1
676,85,114.92,29.21,137.15,413.39,1,-1,-1,-1
676,87,238.69,147.84,55.56,168.68,1,-1,-1,-1
677,80,227.19,129.12,77.33,234.18,1,-1,-1,-1
677,82,274.60,131.17,63.69,192.99,1,-1,-1,-1
677,85,99.29,30.63,144.31,434.96,1,-1,-1,-1
677,87,239.06,148.24,55.58,168.76,1,-1,-1,-1
678,80,225.27,136.08,72.13,218.43,1,-1,-1,-1
678,82,273.98,131.04,63.83,193.45,1,-1,-1,-1
678,85,93.43,11.74,146.99,443.03,1,-1,-1,-1
679,80,225.23,131.42,76.79,232.52,1,-1,-1,-1
679,82,277.71,141.27,61.04,185.01,1,-1,-1,-1
679,85,91.17,23.82,148.02,446.13,1,-1,-1,-1
679,90,386.96,111.28,90.90,274.69,1,-1,-1,-1
679,87,239.27,148.45,55.58,168.76,1,-1,-1,-1
680,80,225.22,140.04,78.46,237.54,1,-1,-1,-1
680,82,275.14,143.46,62.89,190.61,1,-1,-1,-1
680,85,90.35,28.51,148.40,447.26,1,-1,-1,-1
680,90,380.24,118.80,86.19,260.46,1,-1,-1,-1
680,87,239.15,148.42,55.57,168.72,1,-1,-1,-1
681,80,223.18,142.78,69.45,210.31,1,-1,-1,-1
681,82,274.23,144.22,63.56,192.63,1,-1,-1,-1
681,85,90.08,30.29,148.52,447.61,1,-1,-1,-1
681,90,378.01,121.29,84.63,255.75,1,-1,-1,-1
682,80,214.13,141.32,68.89,208.62,1,-1,-1,-1
682,82,269.82,146.14,60.98,184.83,1,-1,-1,-1
682,85,90.03,30.94,148.55,447.68,1,-1,-1,-1
682,90,370.15,114.36,88.96,268.86,1,-1,-1,-1
683,80,217.22,144.97,62.73,189.99,1,-1,-1,-1
683,82,268.16,146.81,59.99,181.84,1,-1,-1,-1
683,85,90.04,31.16,148.54,447.65,1,-1,-1,-1
683,90,372.56,103.72,95.03,287.19,1,-1,-1,-1
684,82,271.71,136.60,62.52,189.52,1,-1,-1,-1
684,85,104.47,29.89,141.96,427.83,1,-1,-1,-1
684,90,368.98,108.00,92.71,280.18,1,-1,-1,-1
685,82,268.98,135.10,60.63,183.80,1,-1,-1,-1
685,85,110.04,29.37,139.41,420.17,1,-1,-1,-1
685,90,367.81,109.84,91.71,277.15,1,-1,-1,-1
686,82,267.94,134.53,59.89,181.57,1,-1,-1,-1
686,85,112.05,29.16,138.49,417.40,1,-1,-1,-1
686,90,367.52,110.56,91.31,275.95,1,-1,-1,-1
687,82,267.58,134.33,59.63,180.79,1,-1,-1,-1
687,85,112.75,29.07,138.17,416.44,1,-1,-1,-1
687,90,367.52,110.86,91.15,275.45,1,-1,-1,-1
687,91,4.47,81.18,94.86,286.82,1,-1,-1,-1
688,82,263.10,135.85,56.86,172.42,1,-1,-1,-1
688,85,98.43,30.35,144.70,436.11,1,-1,-1,-1
688,80,209.25,132.00,63.87,193.45,1,-1,-1,-1
689,82,261.27,132.51,61.48,186.41,1,-1,-1,-1
689,85,107.36,29.52,140.62,423.84,1,-1,-1,-1
690,82,260.63,131.34,63.10,191.32,1,-1,-1,-1
690,85,96.35,30.50,145.65,438.96,1,-1,-1,-1
690,90,356.52,101.04,96.59,291.88,1,-1,-1,-1
691,82,260.43,130.90,63.73,193.24,1,-1,-1,-1
691,85,92.31,30.85,147.49,444.50,1,-1,-1,-1
691,90,355.11,99.64,97.37,294.22,1,-1,-1,-1
691,91,51.03,129.03,65.32,197.54,1,-1,-1,-1
692,82,260.40,130.75,63.97,193.96,1,-1,-1,-1
692,85,110.34,30.97,148.18,446.59,1,-1,-1,-1
692,90,354.64,99.15,97.64,295.02,1,-1,-1,-1
692,91,54.09,132.18,63.38,191.67,1,-1,-1,-1
693,82,256.95,132.96,61.23,185.65,1,-1,-1,-1
693,85,112.01,29.70,141.89,427.64,1,-1,-1,-1
693,90,357.42,89.77,102.34,309.22,1,-1,-1,-1
693,91,45.41,123.52,62.67,189.58,1,-1,-1,-1
694,82,255.67,125.73,60.15,182.40,1,-1,-1,-1
694,85,112.61,29.19,139.44,420.25,1,-1,-1,-1
694,90,355.68,95.35,99.55,300.78,1,-1,-1,-1
694,91,42.42,120.53,62.65,189.52,1,-1,-1,-1
695,82,258.95,125.21,57.08,173.10,1,-1,-1,-1
695,85,112.79,28.99,138.54,417.56,1,-1,-1,-1
695,91,33.36,115.43,66.10,199.98,1,-1,-1,-1
696,82,260.25,132.74,55.93,169.63,1,-1,-1,-1
696,85,118.17,30.25,144.86,436.58,1,-1,-1,-1
696,91,21.42,119.10,70.72,213.98,1,-1,-1,-1
697,82,265.17,133.87,58.24,176.65,1,-1,-1,-1
697,85,133.06,29.41,140.69,424.04,1,-1,-1,-1
697,91,7.17,115.49,75.99,229.91,1,-1,-1,-1
697,90,350.41,93.02,92.36,279.06,1,-1,-1,-1
698,82,266.95,134.28,59.09,179.21,1,-1,-1,-1
698,85,138.83,29.07,139.04,419.07,1,-1,-1,-1
698,90,339.76,97.49,95.74,289.25,1,-1,-1,-1
699,82,263.12,132.17,62.26,188.82,1,-1,-1,-1
699,85,140.86,28.94,138.43,417.25,1,-1,-1,-1
699,90,338.32,89.61,101.42,306.41,1,-1,-1,-1
700,85,148.16,30.22,144.84,436.54,1,-1,-1,-1
700,90,345.20,103.39,94.76,286.28,1,-1,-1,-1
701,85,144.26,29.39,140.72,424.14,1,-1,-1,-1
701,90,338.48,101.04,96.47,291.44,1,-1,-1,-1
702,85,142.53,29.05,139.08,419.20,1,-1,-1,-1
702,90,333.43,107.97,92.76,280.24,1,-1,-1,-1
702,91,9.45,146.23,54.09,163.73,1,-1,-1,-1
703,85,152.85,44.97,132.30,398.77,1,-1,-1,-1
703,91,10.09,156.67,49.21,149.05,1,-1,-1,-1
704,85,156.62,50.97,129.75,391.11,1,-1,-1,-1
705,85,146.69,36.84,135.11,407.28,1,-1,-1,-1
706,85,143.04,31.70,137.07,413.18,1,-1,-1,-1
706,93,55.87,103.89,84.74,256.23,1,-1,-1,-1
707,85,128.51,31.03,144.39,435.24,1,-1,-1,-1
707,93,41.93,95.42,89.45,270.46,1,-1,-1,-1
708,85,123.04,30.79,147.15,443.52,1,-1,-1,-1
708,93,37.21,92.55,91.04,275.27,1,-1,-1,-1
709,85,115.71,29.41,141.72,427.16,1,-1,-1,-1
709,93,23.56,82.23,96.23,290.96,1,-1,-1,-1
710,85,112.91,28.89,139.54,420.60,1,-1,-1,-1
710,93,5.42,78.86,97.93,296.07,1,-1,-1,-1
711,85,111.94,28.71,138.72,418.15,1,-1,-1,-1
712,85,118.13,42.34,126.52,381.38,1,-1,-1,-1
713,85,113.92,33.43,134.16,404.42,1,-1,-1,-1
714,85,112.48,30.40,136.76,412.25,1,-1,-1,-1
714,90,276.08,86.05,104.24,314.88,1,-1,-1,-1
714,93,12.57,94.63,80.98,244.84,1,-1,-1,-1
715,85,111.98,29.24,137.78,415.32,1,-1,-1,-1
715,93,15.10,84.70,78.92,238.64,1,-1,-1,-1
716,85,124.04,27.58,132.05,398.05,1,-1,-1,-1
716,93,16.47,86.19,82.30,248.86,1,-1,-1,-1
717,85,128.74,26.97,129.83,391.40,1,-1,-1,-1
717,93,16.96,86.69,83.48,252.40,1,-1,-1,-1
718,85,130.45,44.17,129.04,389.02,1,-1,-1,-1
718,93,5.73,68.93,92.50,279.66,1,-1,-1,-1
719,85,141.42,48.21,122.99,370.80,1,-1,-1,-1
719,93,1.66,75.18,95.78,289.56,1,-1,-1,-1
720,85,145.50,49.65,120.75,364.06,1,-1,-1,-1
720,93,0.20,67.75,101.64,307.24,1,-1,-1,-1
721,85,142.73,36.18,132.10,398.27,1,-1,-1,-1
721,93,-0.31,62.20,99.39,300.40,1,-1,-1,-1
722,85,135.71,46.96,130.14,392.37,1,-1,-1,-1
722,93,-0.31,50.98,107.97,326.30,1,-1,-1,-1
723,85,143.07,49.00,123.60,372.69,1,-1,-1,-1
723,93,-0.31,46.86,111.14,335.82,1,-1,-1,-1
724,85,145.84,49.71,121.12,365.21,1,-1,-1,-1
724,93,-16.83,32.99,123.06,371.77,1,-1,-1,-1
724,82,249.96,148.04,55.65,168.82,1,-1,-1,-1
725,85,142.64,36.07,132.30,398.93,1,-1,-1,-1
725,82,252.96,148.76,52.81,160.27,1,-1,-1,-1
726,85,145.47,44.48,124.75,376.16,1,-1,-1,-1
726,82,255.73,155.78,49.53,150.36,1,-1,-1,-1
727,85,146.55,47.96,121.63,366.76,1,-1,-1,-1
727,82,254.83,151.36,50.84,154.38,1,-1,-1,-1
728,85,146.90,49.22,120.50,363.38,1,-1,-1,-1
728,82,261.68,149.81,51.31,155.81,1,-1,-1,-1
729,85,146.99,49.66,120.11,362.21,1,-1,-1,-1
729,82,261.74,148.73,54.04,164.11,1,-1,-1,-1
730,85,146.98,49.79,119.99,361.86,1,-1,-1,-1
730,82,264.14,155.76,52.58,159.68,1,-1,-1,-1
731,85,146.95,49.82,119.97,361.82,1,-1,-1,-1
732,85,136.58,69.38,125.74,379.22,1,-1,-1,-1
733,85,136.49,70.02,116.98,352.81,1,-1,-1,-1
734,85,132.59,76.91,124.83,376.47,1,-1,-1,-1
735,85,131.23,79.31,127.57,384.73,1,-1,-1,-1
736,85,130.74,63.17,128.63,387.92,1,-1,-1,-1
737,85,130.58,56.83,129.02,389.10,1,-1,-1,-1
737,82,255.23,159.43,51.84,157.43,1,-1,-1,-1
738,85,130.56,54.38,129.15,389.49,1,-1,-1,-1
738,82,256.39,159.03,49.36,149.94,1,-1,-1,-1
739,85,134.36,63.88,118.17,356.41,1,-1,-1,-1
739,82,257.61,164.20,46.32,140.76,1,-1,-1,-1
740,85,126.02,70.91,119.38,360.05,1,-1,-1,-1
740,82,257.23,160.68,47.47,144.27,1,-1,-1,-1
741,85,132.75,70.11,114.43,345.16,1,-1,-1,-1
741,82,263.66,159.44,47.88,145.52,1,-1,-1,-1
742,85,135.36,69.71,112.59,339.60,1,-1,-1,-1
742,82,260.33,164.16,45.87,139.45,1,-1,-1,-1
743,85,136.32,69.52,111.95,337.69,1,-1,-1,-1
743,82,259.02,165.94,45.12,137.20,1,-1,-1,-1
744,85,136.67,69.41,111.75,337.12,1,-1,-1,-1
744,82,258.54,166.55,44.87,136.44,1,-1,-1,-1
745,85,136.79,69.34,111.72,337.03,1,-1,-1,-1
746,85,127.17,72.52,117.13,353.35,1,-1,-1,-1
747,85,129.32,60.12,124.79,376.44,1,-1,-1,-1
748,85,148.43,65.58,116.95,352.81,1,-1,-1,-1
748,96,113.56,113.54,67.67,205.13,1,-1,-1,-1
749,85,147.60,71.11,119.13,359.38,1,-1,-1,-1
749,96,107.06,116.88,64.88,196.66,1,-1,-1,-1
750,85,162.63,80.78,109.65,330.80,1,-1,-1,-1
750,96,105.25,108.23,71.45,216.57,1,-1,-1,-1
751,85,168.41,84.50,105.94,319.62,1,-1,-1,-1
751,96,98.70,99.52,77.24,234.12,1,-1,-1,-1
752,85,176.04,81.92,99.88,301.37,1,-1,-1,-1
752,96,96.43,96.46,79.28,240.26,1,-1,-1,-1
753,85,187.43,70.27,102.56,309.48,1,-1,-1,-1
753,96,88.85,88.60,83.74,253.75,1,-1,-1,-1
754,85,195.98,76.51,98.82,298.22,1,-1,-1,-1
754,96,90.19,77.74,89.34,270.68,1,-1,-1,-1
755,85,198.95,78.90,97.47,294.17,1,-1,-1,-1
755,96,86.85,81.57,87.48,265.02,1,-1,-1,-1
756,85,204.38,72.36,106.88,322.58,1,-1,-1,-1
756,96,77.65,75.42,90.54,274.23,1,-1,-1,-1
757,85,211.11,80.75,105.36,317.99,1,-1,-1,-1
757,96,64.94,63.87,95.87,290.31,1,-1,-1,-1
758,85,208.56,73.14,109.75,331.23,1,-1,-1,-1
758,96,51.31,50.67,107.15,324.38,1,-1,-1,-1
759,85,215.97,77.42,101.89,307.55,1,-1,-1,-1
759,96,33.01,32.53,116.55,352.73,1,-1,-1,-1
760,85,218.59,79.13,98.75,298.09,1,-1,-1,-1
760,96,25.63,25.24,120.32,364.04,1,-1,-1,-1
761,85,219.39,79.73,97.64,294.76,1,-1,-1,-1
761,96,7.63,7.28,127.14,384.58,1,-1,-1,-1
762,85,219.53,79.93,97.27,293.64,1,-1,-1,-1
763,85,219.44,79.99,97.16,293.34,1,-1,-1,-1
764,85,215.58,69.68,101.84,307.47,1,-1,-1,-1
765,85,227.88,79.68,103.58,312.70,1,-1,-1,-1
766,85,228.65,72.72,109.19,329.64,1,-1,-1,-1
766,100,198.79,154.87,41.26,125.89,1,-1,-1,-1
767,85,219.08,67.16,106.45,321.36,1,-1,-1,-1
767,100,194.41,153.46,39.55,120.68,1,-1,-1,-1
768,85,215.10,64.97,105.32,317.95,1,-1,-1,-1
768,100,186.45,149.04,43.57,132.92,1,-1,-1,-1
769,85,217.20,74.40,100.24,302.62,1,-1,-1,-1
769,100,184.07,147.72,44.80,136.67,1,-1,-1,-1
770,85,217.94,78.04,98.29,296.77,1,-1,-1,-1
770,100,180.85,152.50,43.06,131.35,1,-1,-1,-1
771,85,218.16,79.36,97.60,294.68,1,-1,-1,-1
771,100,169.62,149.23,44.47,135.66,1,-1,-1,-1
772,85,209.53,72.54,107.08,323.31,1,-1,-1,-1
772,100,161.07,141.46,49.52,151.03,1,-1,-1,-1
773,85,214.73,77.07,101.18,305.50,1,-1,-1,-1
773,100,157.49,139.06,49.12,149.78,1,-1,-1,-1
774,85,216.87,78.96,98.71,298.04,1,-1,-1,-1
774,100,149.91,138.22,48.86,148.96,1,-1,-1,-1
775,85,217.64,79.64,97.80,295.32,1,-1,-1,-1
775,100,147.29,137.56,51.02,155.51,1,-1,-1,-1
775,101,338.79,85.45,104.56,315.68,1,-1,-1,-1
776,85,217.89,79.88,97.48,294.35,1,-1,-1,-1
776,100,139.60,137.36,51.82,157.90,1,-1,-1,-1
777,85,214.28,83.71,102.05,308.15,1,-1,-1,-1
777,100,135.86,136.40,54.52,166.08,1,-1,-1,-1
778,85,216.54,94.27,99.16,299.43,1,-1,-1,-1
778,100,134.56,136.07,55.54,169.14,1,-1,-1,-1
779,85,232.24,106.23,93.64,282.79,1,-1,-1,-1
779,100,132.75,134.47,58.49,178.05,1,-1,-1,-1
780,85,223.04,102.62,96.02,289.98,1,-1,-1,-1
780,100,130.00,131.71,62.34,189.73,1,-1,-1,-1
781,85,234.44,96.94,92.54,279.49,1,-1,-1,-1
781,100,129.03,122.44,63.84,194.22,1,-1,-1,-1
782,85,239.54,102.04,87.10,263.09,1,-1,-1,-1
782,100,120.53,127.06,64.39,195.82,1,-1,-1,-1
783,85,238.81,87.37,93.80,283.32,1,-1,-1,-1
783,100,117.32,128.98,64.55,196.26,1,-1,-1,-1
783,103,196.01,127.28,67.67,205.13,1,-1,-1,-1
784,85,240.95,98.03,87.84,265.35,1,-1,-1,-1
784,100,108.21,122.98,70.75,215.00,1,-1,-1,-1
784,103,196.02,126.58,68.37,207.25,1,-1,-1,-1
785,85,241.66,102.32,85.48,258.23,1,-1,-1,-1
785,100,99.47,116.07,76.41,232.13,1,-1,-1,-1
785,103,181.49,116.09,76.49,231.83,1,-1,-1,-1
786,85,241.84,115.43,84.66,255.78,1,-1,-1,-1
786,100,86.08,103.33,78.67,238.90,1,-1,-1,-1
786,103,176.76,112.68,79.12,239.80,1,-1,-1,-1
787,85,241.08,113.56,88.52,267.44,1,-1,-1,-1
787,100,73.60,102.56,83.12,252.29,1,-1,-1,-1
787,103,168.06,110.50,88.04,266.80,1,-1,-1,-1
788,85,251.97,113.96,82.16,248.27,1,-1,-1,-1
788,100,58.02,102.33,84.84,257.43,1,-1,-1,-1
788,103,161.41,110.89,83.56,253.20,1,-1,-1,-1
789,85,245.29,107.72,83.59,252.61,1,-1,-1,-1
789,100,41.08,102.34,85.46,259.22,1,-1,-1,-1
789,103,144.25,102.21,93.75,284.04,1,-1,-1,-1
790,85,242.85,111.57,80.30,242.70,1,-1,-1,-1
790,100,24.43,95.41,89.53,271.49,1,-1,-1,-1
790,103,125.56,99.10,97.41,295.06,1,-1,-1,-1
791,85,241.85,112.98,79.10,239.09,1,-1,-1,-1
791,100,6.51,92.78,91.08,276.10,1,-1,-1,-1
791,103,110.19,89.01,103.21,312.56,1,-1,-1,-1
792,85,241.47,124.23,78.70,237.91,1,-1,-1,-1
792,103,94.85,74.62,110.17,333.55,1,-1,-1,-1
793,85,229.86,122.94,82.43,249.17,1,-1,-1,-1
793,103,71.87,79.42,108.12,327.28,1,-1,-1,-1
794,85,226.32,117.14,80.06,242.02,1,-1,-1,-1
794,103,51.32,71.02,111.88,338.56,1,-1,-1,-1
795,85,225.00,114.76,79.16,239.32,1,-1,-1,-1
795,103,14.85,42.35,129.82,392.71,1,-1,-1,-1
795,107,416.87,26.99,128.96,388.88,1,-1,-1,-1
795,101,292.13,25.34,120.15,362.70,1,-1,-1,-1
796,85,224.56,124.54,78.85,238.40,1,-1,-1,-1
796,107,416.87,26.99,128.96,388.88,1,-1,-1,-1
796,101,291.28,40.24,120.45,363.55,1,-1,-1,-1
797,85,224.39,122.41,75.21,227.42,1,-1,-1,-1
797,107,418.44,28.44,136.18,410.65,1,-1,-1,-1
797,101,287.69,31.06,126.20,380.87,1,-1,-1,-1
798,85,224.45,116.47,77.48,234.30,1,-1,-1,-1
798,107,417.46,27.54,131.69,397.11,1,-1,-1,-1
798,101,289.66,42.13,122.78,370.53,1,-1,-1,-1
799,85,224.43,119.25,74.78,226.16,1,-1,-1,-1
799,101,287.22,48.98,127.07,383.43,1,-1,-1,-1
800,85,222.43,118.63,67.31,203.60,1,-1,-1,-1
800,101,281.61,35.88,134.67,406.32,1,-1,-1,-1
800,109,57.95,150.62,43.68,133.27,1,-1,-1,-1
800,110,98.60,161.00,39.00,119.00,1,-1,-1,-1
800,111,162.47,171.61,37.88,115.89,1,-1,-1,-1
801,85,212.76,114.88,74.98,226.81,1,-1,-1,-1
801,101,279.50,30.86,137.57,415.01,1,-1,-1,-1
801,109,57.24,158.33,40.21,122.67,1,-1,-1,-1
801,110,91.20,161.00,39.00,119.00,1,-1,-1,-1
801,111,155.48,169.67,38.64,118.20,1,-1,-1,-1
802,85,219.19,122.33,70.78,214.13,1,-1,-1,-1
802,101,278.76,28.93,138.65,418.23,1,-1,-1,-1
802,109,56.99,161.13,38.94,118.82,1,-1,-1,-1
802,110,82.50,161.00,39.00,119.00,1,-1,-1,-1
802,111,154.69,171.59,41.05,125.56,1,-1,-1,-1
803,85,222.71,121.33,72.47,219.25,1,-1,-1,-1
803,101,278.56,28.25,139.00,419.27,1,-1,-1,-1
803,109,56.31,158.87,43.14,131.61,1,-1,-1,-1
803,110,86.00,161.00,39.00,119.00,1,-1,-1,-1
803,111,152.88,175.50,39.83,121.80,1,-1,-1,-1
804,85,223.99,120.96,73.08,221.12,1,-1,-1,-1
804,101,286.63,41.49,127.39,384.25,1,-1,-1,-1
804,109,56.10,158.17,44.43,135.55,1,-1,-1,-1
804,110,87.42,166.79,39.00,119.00,1,-1,-1,-1
804,111,158.15,176.91,39.30,120.18,1,-1,-1,-1
805,85,224.55,115.88,76.85,232.54,1,-1,-1,-1
805,101,289.95,46.83,122.70,370.11,1,-1,-1,-1
805,109,62.35,157.81,44.90,136.97,1,-1,-1,-1
805,111,160.05,177.34,39.10,119.56,1,-1,-1,-1
806,85,234.41,118.80,74.81,226.36,1,-1,-1,-1
806,101,307.49,48.74,121.01,365.01,1,-1,-1,-1
806,109,67.57,156.36,42.99,131.14,1,-1,-1,-1
806,111,166.27,177.43,39.02,119.31,1,-1,-1,-1
807,85,248.23,119.96,74.00,223.91,1,-1,-1,-1
807,101,313.89,49.43,120.40,363.17,1,-1,-1,-1
807,109,69.47,155.76,42.24,128.85,1,-1,-1,-1
807,111,170.90,174.34,40.92,125.08,1,-1,-1,-1
808,85,253.33,120.38,73.70,223.02,1,-1,-1,-1
808,101,332.30,47.50,114.79,346.27,1,-1,-1,-1
808,109,73.46,150.56,44.04,134.30,1,-1,-1,-1
808,111,174.63,169.17,43.61,133.28,1,-1,-1,-1
809,85,265.05,130.43,73.60,222.72,1,-1,-1,-1
809,101,339.21,48.94,118.18,356.49,1,-1,-1,-1
809,109,78.36,149.15,46.84,142.82,1,-1,-1,-1
809,111,181.96,167.20,44.63,136.35,1,-1,-1,-1
810,85,275.87,137.44,70.28,212.69,1,-1,-1,-1
810,101,341.59,65.50,119.40,360.18,1,-1,-1,-1
810,109,88.65,154.14,45.79,139.59,1,-1,-1,-1
810,111,187.90,170.41,43.03,131.44,1,-1,-1,-1
811,85,283.21,126.63,72.37,219.04,1,-1,-1,-1
811,101,358.45,40.81,125.62,378.91,1,-1,-1,-1
811,109,90.46,150.55,47.49,144.76,1,-1,-1,-1
811,111,192.99,167.67,44.38,135.53,1,-1,-1,-1
811,107,474.09,28.98,138.19,416.68,1,-1,-1,-1
812,85,285.77,122.73,73.13,221.34,1,-1,-1,-1
812,101,364.64,31.56,127.94,385.92,1,-1,-1,-1
812,109,99.15,154.74,46.00,140.19,1,-1,-1,-1
812,111,194.80,166.66,44.87,137.00,1,-1,-1,-1
813,85,286.55,121.23,73.43,222.24,1,-1,-1,-1
813,101,383.77,27.98,128.83,388.58,1,-1,-1,-1
813,109,102.38,156.41,45.38,138.30,1,-1,-1,-1
813,111,189.35,166.30,45.05,137.49,1,-1,-1,-1
814,85,296.53,120.65,73.55,222.60,1,-1,-1,-1
814,101,390.90,26.67,129.14,389.52,1,-1,-1,-1
814,109,101.73,151.40,47.30,144.14,1,-1,-1,-1
814,111,187.14,166.18,45.10,137.62,1,-1,-1,-1
815,85,305.32,133.56,70.32,212.84,1,-1,-1,-1
815,101,393.36,26.25,129.24,389.80,1,-1,-1,-1
815,109,103.09,155.07,45.90,139.83,1,-1,-1,-1
815,111,186.20,166.16,45.10,137.60,1,-1,-1,-1
816,85,308.42,138.50,69.08,209.13,1,-1,-1,-1
816,101,394.12,27.38,135.35,408.21,1,-1,-1,-1
816,111,187.99,161.03,47.23,144.05,1,-1,-1,-1
816,118,267.03,193.67,27.73,85.07,1,-1,-1,-1
817,85,309.37,130.91,68.65,207.82,1,-1,-1,-1
817,101,393.08,9.85,144.06,434.44,1,-1,-1,-1
817,111,182.27,159.11,48.02,146.44,1,-1,-1,-1
817,118,266.89,193.40,27.41,84.12,1,-1,-1,-1
817,119,233.00,169.00,39.00,119.00,1,-1,-1,-1
818,85,314.28,124.10,71.82,217.41,1,-1,-1,-1
818,101,392.53,3.11,147.40,444.49,1,-1,-1,-1
818,118,262.78,189.86,28.88,88.62,1,-1,-1,-1
818,119,233.00,169.00,39.00,119.00,1,-1,-1,-1
819,85,315.99,121.60,72.99,220.95,1,-1,-1,-1
819,101,411.19,0.55,142.25,428.94,1,-1,-1,-1
819,118,258.15,174.13,36.30,111.36,1,-1,-1,-1
819,119,232.63,165.04,41.20,125.70,1,-1,-1,-1
819,109,84.26,138.98,54.35,165.52,1,-1,-1,-1
819,111,173.19,159.02,50.94,155.28,1,-1,-1,-1
820,85,320.95,124.54,70.19,212.49,1,-1,-1,-1
820,101,418.43,-0.28,146.65,442.19,1,-1,-1,-1
820,119,224.55,165.62,44.09,134.53,1,-1,-1,-1
820,109,81.44,144.83,50.66,154.27,1,-1,-1,-1
820,111,164.14,159.26,53.94,164.37,1,-1,-1,-1
821,85,318.05,121.73,72.42,219.24,1,-1,-1,-1
821,101,421.00,-0.53,148.26,447.02,1,-1,-1,-1
821,119,217.44,164.15,42.98,131.12,1,-1,-1,-1
821,109,73.08,139.25,53.97,164.28,1,-1,-1,-1
821,111,152.60,151.10,57.62,175.48,1,-1,-1,-1
822,85,310.72,115.85,76.71,232.23,1,-1,-1,-1
822,119,208.95,163.67,42.44,129.48,1,-1,-1,-1
822,109,67.17,138.20,52.76,160.57,1,-1,-1,-1
822,111,138.29,146.31,61.77,188.04,1,-1,-1,-1
822,118,242.75,175.26,38.82,119.06,1,-1,-1,-1
823,85,313.98,128.05,74.91,226.78,1,-1,-1,-1
823,119,200.17,169.44,42.22,128.78,1,-1,-1,-1
823,109,64.86,144.76,52.24,158.97,1,-1,-1,-1
823,111,126.07,139.02,69.41,211.20,1,-1,-1,-1
823,118,240.77,181.91,38.82,119.00,1,-1,-1,-1
824,85,315.14,132.98,74.16,224.51,1,-1,-1,-1
824,119,197.19,165.74,42.11,128.44,1,-1,-1,-1
824,109,57.09,147.29,52.03,158.31,1,-1,-1,-1
824,111,116.33,139.20,69.39,211.04,1,-1,-1,-1
824,118,240.12,178.79,38.83,118.98,1,-1,-1,-1
825,85,315.49,134.82,73.87,223.63,1,-1,-1,-1
825,119,189.54,160.78,46.29,141.17,1,-1,-1,-1
825,109,49.27,140.35,54.40,165.49,1,-1,-1,-1
825,111,108.03,136.22,72.45,220.24,1,-1,-1,-1
825,118,234.64,177.62,38.84,118.98,1,-1,-1,-1
826,85,315.54,125.62,73.76,223.29,1,-1,-1,-1
826,119,181.86,152.66,50.05,152.61,1,-1,-1,-1
826,109,44.42,138.71,52.87,160.81,1,-1,-1,-1
826,111,99.53,131.08,76.97,233.88,1,-1,-1,-1
826,118,232.68,177.18,38.85,118.98,1,-1,-1,-1
827,85,314.40,129.08,67.38,204.00,1,-1,-1,-1
827,119,172.27,149.48,51.52,157.04,1,-1,-1,-1
827,109,30.80,135.55,57.36,174.43,1,-1,-1,-1
827,111,79.09,124.09,82.30,249.96,1,-1,-1,-1
827,118,226.04,179.72,40.73,124.69,1,-1,-1,-1
828,85,310.10,127.28,68.07,206.11,1,-1,-1,-1
828,119,168.65,148.29,52.06,158.65,1,-1,-1,-1
828,109,24.78,135.92,56.45,171.63,1,-1,-1,-1
828,111,62.64,115.25,88.21,267.78,1,-1,-1,-1
828,118,218.06,180.66,41.44,126.81,1,-1,-1,-1
828,120,385.24,113.23,89.63,271.00,1,-1,-1,-1
829,85,313.31,122.70,71.63,216.87,1,-1,-1,-1
829,119,160.68,147.45,54.65,166.48,1,-1,-1,-1
829,111,46.38,104.41,94.63,287.11,1,-1,-1,-1
829,118,213.14,177.45,43.69,133.63,1,-1,-1,-1
829,120,386.56,111.75,90.55,273.79,1,-1,-1,-1
830,85,318.94,133.97,69.71,211.06,1,-1,-1,-1
830,119,149.55,146.17,58.18,177.17,1,-1,-1,-1
830,111,38.31,107.42,93.12,282.44,1,-1,-1,-1
830,118,208.45,177.95,46.63,142.57,1,-1,-1,-1
830,120,393.49,118.72,86.19,260.61,1,-1,-1,-1
830,121,289.00,169.00,39.00,119.00,1,-1,-1,-1
831,85,316.52,135.15,72.26,218.79,1,-1,-1,-1
831,119,137.65,145.71,59.55,181.27,1,-1,-1,-1
831,111,24.46,101.31,96.55,292.72,1,-1,-1,-1
831,118,202.76,172.82,49.99,152.76,1,-1,-1,-1
831,120,389.22,113.56,89.42,270.38,1,-1,-1,-1
831,121,289.00,169.00,39.00,119.00,1,-1,-1,-1
832,85,315.61,125.80,73.20,221.62,1,-1,-1,-1
832,119,128.02,132.74,65.72,199.99,1,-1,-1,-1
832,118,192.10,169.87,49.12,150.03,1,-1,-1,-1
832,120,379.51,103.50,95.13,287.61,1,-1,-1,-1
832,121,282.78,162.78,39.00,119.00,1,-1,-1,-1
832,123,109.10,29.71,103.11,311.44,1,-1,-1,-1
833,85,314.14,129.08,67.27,203.69,1,-1,-1,-1
833,119,115.69,127.76,68.11,207.18,1,-1,-1,-1
833,118,183.00,162.79,50.98,155.63,1,-1,-1,-1
833,120,376.09,99.98,97.12,293.63,1,-1,-1,-1
833,121,274.83,160.83,39.00,119.00,1,-1,-1,-1
833,123,101.83,52.71,98.86,298.60,1,-1,-1,-1
834,85,313.49,130.38,64.93,196.62,1,-1,-1,-1
834,119,106.55,122.07,72.14,219.34,1,-1,-1,-1
834,118,172.88,166.88,51.68,157.70,1,-1,-1,-1
834,120,374.89,98.79,97.81,295.68,1,-1,-1,-1
834,121,272.37,160.32,39.00,119.00,1,-1,-1,-1
834,123,88.24,47.42,102.92,310.84,1,-1,-1,-1
835,85,314.35,123.71,70.60,213.79,1,-1,-1,-1
835,119,87.75,115.22,77.03,234.11,1,-1,-1,-1
835,118,161.86,161.28,56.91,173.58,1,-1,-1,-1
835,120,374.53,98.47,97.99,296.23,1,-1,-1,-1
835,125,222.05,158.56,44.29,134.99,1,-1,-1,-1
836,85,319.08,125.20,69.38,210.12,1,-1,-1,-1
836,119,84.00,106.87,82.50,250.61,1,-1,-1,-1
836,118,154.97,147.68,64.47,196.52,1,-1,-1,-1
836,120,382.29,106.34,93.63,283.02,1,-1,-1,-1
836,125,226.23,151.13,47.21,143.88,1,-1,-1,-1
836,121,271.59,160.23,39.00,119.00,1,-1,-1,-1
837,85,323.93,128.89,65.82,199.35,1,-1,-1,-1
837,119,75.12,96.75,88.46,268.57,1,-1,-1,-1
837,118,152.29,142.27,67.50,205.63,1,-1,-1,-1
837,120,390.80,101.44,96.35,291.23,1,-1,-1,-1
837,125,227.71,155.84,48.25,147.03,1,-1,-1,-1
837,121,277.42,160.41,39.00,119.00,1,-1,-1,-1
